0 563.585 1.25126
1 808.74 193.304
2 479.873 585.009
3 895.962 350.291
4 746.605 822.84
5 858.943 174.108
6 513.535 710.501
7 14.9846 303.995
8 364.452 91.4029
9 165.899 147.313
10 445.692 988.525
11 4.66933 119.083
12 377.88 8.9114
13 571.184 531.663
14 607.166 601.764
15 663.045 166.234
16 352.123 450.789
17 607.685 57.0391
18 802.606 783.319
19 301.95 519.883
20 726.676 875.973
21 925.718 955.901
22 142.338 539.354
23 235.328 462.081
24 209.601 862.239
25 843.654 779.656
26 999.695 996.796
27 392.438 611.499
28 297.281 266.213
29 23.7434 840.144
30 92.6237 375.866
31 56.2151 677.206
32 918.79 8.78933
33 272.896 275.887
34 691.183 587.909
35 726.493 837.611
36 205.359 484.939
37 468.459 743.736
38 949.156 457.961
39 108.28 744.438
40 385.235 599.048
41 608.966 735.008
42 361.339 572.405
43 225.105 151.555
44 802.881 425.153
45 989.99 517.106
46 345.561 751.549
47 657.308 168.981
48 63.5395 491.897
49 504.807 699.759
50 949.583 147.496
51 905.118 141.575
52 303.049 692.892
53 70.3757 426.557
54 683.187 966.613
55 877.255 153.233
56 582.049 821.68
57 177.892 191.351
58 475.265 817.194
59 503.922 155.553
60 405.591 732.017
61 568.743 279.58
62 755.852 682.241
63 475.295 721.915
64 367.809 123.02
65 35.0963 834.681
66 662.984 517.014
67 104.678 426.221
68 921.384 949.339
69 345.988 549.547
70 374.981 471.725
71 316.874 846.98
72 271.889 456.099
73 297.8 982.971
74 567.278 739.189
75 761.315 195.99
76 397.656 839.442
77 890.164 500.9
78 994.629 27.4667
79 50.5081 572.588
80 194.067 531.327
81 626.759 843.043
82 197.852 657.613
83 123.325 842.158
84 743.126 109.928
85 941.069 314.066
86 336.314 286.081
87 733.085 140.263
88 707.999 834.62
89 747.215 600.238
90 144.475 252.724
91 61.0065 1.61748
92 852.626 806.238
93 115.604 210.578
94 14.2521 553.209
95 454.512 113.773
96 686.148 752.22
97 73.8853 543.443
98 201.941 436.72
99 290.353 696.219
100 232.429 436.689
101 532.579 577.868
102 160.192 628.681
103 963.042 504.135
104 924.802 695.761
105 335.948 189.947
106 995.178 178.35
107 998.016 457.442
108 625.172 97.5066
109 437.727 94.3938
110 48.4329 931.516
111 290.017 894.62
112 769.066 227.302
113 201.971 410.718
114 604.144 628.071
115 466.353 451.613
116 634.724 597.827
117 828.791 854.793
118 720.908 624.775
119 375.134 565.752
120 737.907 184.271
121 905.087 555.132
122 188.94 242.866
123 698.508 604.724
124 351.299 584.613
125 80.3857 494.461
126 612.049 740.745
127 691.122 620.38
128 149.113 804.529
129 867.733 576.037
130 614.704 911.557
131 43.2142 727.683
132 976.531 667.776
133 569.201 315.012
134 173.925 305.826
135 869.045 108.554
136 744.316 851.222
137 326.914 154.881
138 76.6015 79.3481
139 820.002 640.98
140 448.256 545.091
141 298.746 408.979
142 501.206 465.56
143 323.038 152.654
144 313.883 737.999
145 959.075 826.685
146 725.028 873.348
147 943.999 300.058
148 65.7369 127.232
149 524.583 784.967
150 956.114 609.638
151 875.637 72.2678
152 322.123 653.859
153 505.051 104.801
154 290.292 227.088
155 551.164 919.98
156 114.536 662.801
157 379.131 492.538
158 793.359 496.811
159 382.366 509.262
160 532.151 688.162
161 395.184 606.281
162 707.877 5.89007
163 623.066 100.62
164 491.501 863.247
165 496.902 747.337
166 785.363 380.108
167 357.097 552.812
168 630.848 955.718
169 374.248 176.58
170 743.278 131.626
171 611.988 951.72
172 329.844 27.8329
173 639.21 55.9099
174 847.072 131.626
175 596.881 864.315
176 853.969 721.641
177 126.469 14.6794
178 617.145 707.907
179 65.9505 217.566
180 624.104 168.92
181 319.407 340.983
182 661 367.565
183 806.879 802.393
184 611.103 526.536
185 900.601 798.181
186 630.177 144.81
187 253.7 402.417
188 855.19 136.54
189 427.808 66.1641
190 302.286 573.351
191 225.562 548.051
192 110.63 311.35
193 134.709 808.039
194 788.11 284.249
195 789.636 895.23
196 615.223 743.797
197 856.655 361.126
198 863.582 228.492
199 249.55 229.438
200 984.832 542.405
201 81.4234 53.8041
202 426.801 524.674
203 258.797 94.6684
204 232.765 891.537
205 125.095 146.55
206 80.1111 931.639
207 58.7176 47.0901
208 914.701 336.406
209 432.783 398.602
210 837.184 946.165
211 842.097 534.227
212 397.687 693.533
213 4.33363 259.163
214 954.802 525.59
215 241.096 398.694
216 255.135 585.559
217 945.28 684.011
218 890.225 435.499
219 940.977 7.17185
220 786.157 601.55
221 142.43 576.678
222 383.007 222.327
223 417.92 4.27259
224 659.932 82.2474
225 64.8518 855.098
226 662.069 811.06
227 802.698 691.488
228 685.629 530.137
229 689.505 142.766
230 777.734 727.897
231 868.679 31.0678
232 706.565 644.52
233 551.988 85.4518
234 58.7787 947.905
235 145.177 274.972
236 619.984 981.78
237 922.483 292.245
238 694.54 367.534
239 155.919 218.635
240 521.439 240.547
241 106.418 902.28
242 441.725 902.646
243 782.098 80.1111
244 974.395 171.789
245 870.388 775.872
246 456.618 210.639
247 750.633 3.75378
248 404.706 114.048
249 992.615 311.136
250 252.083 38.5754
251 247.688 189.276
252 620.319 153.508
253 939.085 885.372
254 779.656 195.654
255 656.758 645.558
256 455.458 909.146
257 664.174 921.293
258 636.341 150.761
259 422.04 569.536
260 540.574 943.022
261 536.454 578.57
262 396.954 255.287
263 36.6222 350.261
264 196.509 795.251
265 389.416 70.2841
266 70.925 590.747
267 155.889 197.668
268 454.329 644.337
269 697.348 604.297
270 684.469 441.298
271 835.719 396.527
272 199.591 592.212
273 876.003 949.461
274 987.457 391.705
275 895.718 185.308
276 442.061 574.45
277 708.518 627.338
278 285.562 49.6231
279 407.636 260.201
280 710.196 895.321
281 896.054 728.446
282 397.412 393.567
283 308.603 903.867
284 570.574 388.104
285 733.695 353.557
286 736.381 745.354
287 139.317 739.433
288 272.591 200.171
289 911.13 680.441
290 517.655 367.84
291 907.437 109.378
292 517.96 203.07
293 438.52 654.836
294 90.4263 687.643
295 75.7775 79.5618
296 355.083 27.8024
297 697.287 307.23
298 394.848 142.674
299 675.741 67.8426
300 198.706 724.937
301 615.711 694.021
302 543.992 654.897
303 545.366 98.3001
304 974.578 49.6231
305 969.97 464.034
306 530.961 727.866
307 692.801 679.922
308 388.623 372.112
309 809.778 49.9588
310 60.8234 169.561
311 784.478 310.556
312 321.909 212.47
313 9.15555 484.664
314 507.859 439.863
315 758.538 605.945
316 349.803 401.074
317 942.32 842.647
318 997.284 623.31
319 562.853 53.4684
320 386.761 863.552
321 284.219 306.406
322 612.568 26.7037
323 18.6163 391.186
324 455.702 31.0373
325 936.766 857.936
326 727.287 401.898
327 808.374 611.591
328 582.598 875.423
329 79.0124 595.019
330 462.203 793.176
331 589.435 590.625
332 816.065 569.201
333 343.577 672.75
334 267.312 10.2237
335 232.093 341.563
336 371.746 771.02
337 116.855 869.869
338 628.925 725.578
339 183.02 893.948
340 902.005 535.569
341 965.209 780.084
342 901.547 197.363
343 953.398 797.418
344 890.347 848.811
345 185.461 628.712
346 264.992 616.932
347 732.2 250.649
348 170.934 788.11
349 480.941 713.889
350 806.543 81.4844
351 124.638 855.342
352 573.321 307.474
353 762.047 472.976
354 727.775 191.87
355 15.3508 995.025
356 691.641 647.633
357 72.1152 174.139
358 676.626 274.972
359 556.658 838.923
360 779.504 371.227
361 638.234 232.521
362 204.596 231.666
363 281.747 971.038
364 769.219 22.8889
365 46.968 151.83
366 348.582 9.24711
367 343.242 643.88
368 416.517 414.563
369 545.183 90.6705
370 337.992 699.271
371 876.247 657.521
372 570.025 535.478
373 465.773 53.9872
374 426.801 259.987
375 486.587 863.338
376 565.813 87.4355
377 778.466 709.403
378 850.551 864.223
379 864.376 293.008
380 746.849 644.917
381 765.618 828.639
382 908.322 871.914
383 521.958 912.534
384 107.639 440.168
385 823.054 354.015
386 169.836 427.717
387 657.46 0.854518
388 63.7226 773.553
389 385.662 89.816
390 807.611 683.889
391 142.857 154.088
392 346.141 48.4634
393 978.423 18.5553
394 53.6515 647.633
395 637.471 914.151
396 21.0578 431.715
397 391.949 242.592
398 781.884 654.012
399 826.044 22.8278
400 634.266 138.432
401 983.49 550.401
402 214.789 463.424
403 782.159 300.699
404 480.605 342.54
405 102.512 608.02
406 755.821 984.436
407 456.404 150.884
408 998.749 711.631
409 641.652 775.506
410 946.104 621.204
411 289.804 688.162
412 290.384 567.156
413 712.363 548.234
414 546.678 246.437
415 952.055 492.63
416 765.16 669.82
417 445.753 623.371
418 745.537 798.761
419 204.627 988.922
420 909.818 629.475
421 918.393 591.296
422 489.395 505.539
423 889.34 449.721
424 182.928 940.397
425 203.009 251.961
426 941.13 730.491
427 41.3526 625.08
428 34.5164 641.346
429 544.481 556.352
430 61.3727 446.333
431 127.75 996.033
432 50.3555 600.909
433 660.237 172.796
434 315.958 332.438
435 410.535 653.584
436 221.625 427.503
437 166.448 678.518
438 507.645 497.543
439 435.072 802.728
440 339.488 4.51674
441 128.574 375.896
442 733.299 827.326
443 643.33 891.14
444 514.481 650.594
445 737.175 733.97
446 465.835 957.091
447 112.186 363.262
448 821.223 904.66
449 108.676 454.787
450 761.376 869.442
451 416.669 39.1247
452 67.7511 936.125
453 211.28 164.861
454 591.113 116.916
455 618.275 118.351
456 690.298 580.096
457 915.647 731.559
458 298.502 669.729
459 378.185 808.863
460 772.515 997.497
461 170.568 204.413
462 181.219 388.257
463 195.624 580.981
464 190.252 960.143
465 303.995 381.726
466 198.157 120.823
467 771.172 46.2355
468 881.039 761.04
469 448.622 1.77007
470 801.538 426.374
471 494.858 461.348
472 238.502 749.382
473 92.7458 559.404
474 893.826 922.025
475 59.6332 857.021
476 632.038 490.89
477 756.066 747.215
478 909.909 255.745
479 199.622 791.986
480 51.2406 552.843
481 790.368 522.172
482 24.0486 704.154
483 553.362 731.742
484 875.546 914.212
485 305.429 796.93
486 481.887 394.94
487 651.967 52.5834
488 768.578 0.854518
489 219.733 756.188
490 57.5274 154.759
491 32.6853 670.614
492 697.867 345.866
493 436.262 798.151
494 635.548 981.719
495 476.974 295.297
496 79.2871 874.355
497 143.223 100.986
498 917.997 143.01
499 373.821 308.725
500 46.6323 813.837
501 239.998 814.203
502 256.508 897.885
503 208.014 269.356
504 846.156 229.377
505 887.692 874.844
506 609.272 844.783
507 173.528 40.8948
508 355.907 183.752
509 185.064 449.263
510 623.035 894.467
511 911.679 546.342
512 730.644 522.599
513 969.329 999.329
514 840.205 867.428
515 374.401 146.672
516 170.965 284.371
517 741.813 973.754
518 30.8847 716.605
519 812.708 645.039
520 818.171 735.923
521 718.894 124.638
522 649.831 375.072
523 889.676 915.433
524 773.492 32.1665
525 7.56859 448.866
526 418.47 228.614
527 919.034 156.59
528 242.866 501.694
529 906.522 754.479
530 32.1055 213.477
531 228.248 771.172
532 806.391 556.597
533 331.614 852.016
534 991.791 538.926
535 646.87 869.35
536 812.799 227.729
537 366.894 371.044
538 561.296 34.9742
539 119.785 397.87
540 899.014 324.931
541 940.184 201.483
542 849.33 125.065
543 445.57 893.948
544 634.754 222.114
545 624.042 560.076
546 16.48 423.658
547 139.622 864.132
548 291.971 267.403
549 561.449 681.661
550 607.227 958.831
551 422.712 788.232
552 739.464 818.384
553 516.526 135.777
554 6.98874 20.0812
555 333.872 748.314
556 462.264 902.127
557 50.5081 767.907
558 24.1707 630.97
559 969.085 682.424
560 706.381 500.443
561 822.352 265.938
562 597.217 646.626
563 844.234 263.619
564 748.161 460.067
565 14.4963 351.604
566 626.484 476.547
567 383.618 403.882
568 288.827 27.6193
569 883.877 596.851
570 931.547 432.173
571 533.128 382.977
572 974.242 10.0711
573 437.422 865.2
574 332.957 699.637
575 498.55 602.344
576 39.0027 559.618
577 233.039 378.216
578 859.523 937.346
579 608.814 964.11
580 76.4489 583.972
581 305.307 407.025
582 80.05 498.581
583 304.27 874.783
584 932.89 781.518
585 216.224 588.427
586 560.717 279.305
587 250.069 874.416
588 727.134 301.401
589 231.086 866.604
590 446.791 190.71
591 574.328 890.347
592 995.239 28.779
593 619.19 59.2364
594 169.836 256.935
595 231.483 116.123
596 959.807 494.888
597 79.6228 49.2874
598 279.733 337.657
599 490.555 515.549
600 924.711 412.275
601 292.154 601.062
602 401.654 475.753
603 548.357 951.323
604 794.427 834.925
605 592.853 801.66
606 318.064 870.083
607 267.922 939.177
608 718.772 943.327
609 774.896 127.628
610 175.909 472.884
611 41.6272 26.6732
612 862.3 454.787
613 14.4658 136.113
614 818.537 212.775
615 779.656 797.204
616 298.746 658.498
617 921.506 781.426
618 242.622 842.128
619 23.011 498.764
620 30.8847 75.7164
621 715.323 356.212
622 180.425 409.803
623 182.104 297.922
624 134.739 744.896
625 525.62 58.2293
626 806.726 358.867
627 899.869 158.818
628 29.2367 131.809
629 818.079 181.433
630 570.696 249.214
631 539.933 346.904
632 870.754 664.907
633 945.28 932.524
634 153.233 105.197
635 800.256 557.97
636 72.512 895.138
637 822.413 872.311
638 548.784 388.287
639 450.941 671.957
640 949.461 281.381
641 728.05 982.147
642 272.378 594.806
643 197.943 131.962
644 487.35 600.513
645 229.926 355.327
646 691.794 478.439
647 671.133 948.149
648 237.526 982.574
649 235.817 513.565
650 484.359 898.038
651 537.492 326.456
652 336.528 570.788
653 169.225 348.155
654 219.275 290.17
655 739.677 922.819
656 650.441 807.001
657 270.089 686.697
658 64.4246 766.869
659 859.066 721.763
660 44.3739 341.563
661 20.7831 484.298
662 618.519 838.191
663 604.053 540.574
664 777.367 568.682
665 696.738 640.034
666 868.007 759.941
667 423.505 157.994
668 21.424 786.462
669 42.1461 438.368
670 269.265 506.302
671 244.85 68.2699
672 506.455 982.055
673 71.0166 615.528
674 955.535 367.504
675 337.474 860.073
676 289.529 241.89
677 992.706 50.9659
678 68.9108 172.46
679 300.913 220.13
680 649.617 786.859
681 262.764 83.6818
682 217.536 136.479
683 178.259 562.578
684 106.906 632.282
685 758.843 453.719
686 57.4053 333.811
687 694.296 282.51
688 567.583 873.257
689 81.2098 868.496
690 999.664 795.404
691 618.854 634.999
692 593.127 594.775
693 978.881 194.25
694 42.2987 231.513
695 255.135 239.051
696 794.946 406.812
697 900.052 272.469
698 727.561 379.437
699 52.9496 206.488
700 353.984 604.572
701 668.111 361.248
702 223.64 976.043
703 346.965 895.779
704 665.12 953.52
705 282.357 201.666
706 531.999 355.449
707 219.977 290.994
708 106.723 99.6124
709 843.806 709.342
710 819.147 671.865
711 491.348 5.768
712 935.331 604.633
713 605.823 290.628
714 873.836 746.91
715 830.103 912.229
716 304.88 605.914
717 150.121 784.234
718 689.047 542.619
719 993.194 394.635
720 411.603 101.932
721 687.429 27.4361
722 169.012 258.889
723 189.001 228.645
724 763.298 862.209
725 483.23 47.6089
726 961.241 56.1541
727 565.477 84.994
728 573.901 962.554
729 408.704 878.658
730 413.495 403.15
731 823.359 658.528
732 283.12 945.189
733 616.26 2.22785
734 656.056 49.44
735 954.497 421.949
736 200.873 603.961
737 340.556 414.38
738 808.405 623.127
739 105.258 4.85244
740 276.864 394.421
741 824.244 316.782
742 311.533 853.511
743 564.684 197.668
744 995.117 469.069
745 368.48 433.241
746 384.869 418.775
747 877.743 580.432
748 393.384 337.413
749 509.14 951.048
750 608.295 418.592
751 83.6512 776.757
752 207.923 151.189
753 317.27 87.344
754 629.139 471.816
755 79.3176 332.774
756 142.827 614.521
757 824.976 280.709
758 994.415 439.07
759 107.334 220.954
760 264.595 518.998
761 576.25 7.35496
762 107.517 770.562
763 369.427 969.207
764 521.714 903.989
765 302.622 222.663
766 310.617 478.469
767 764.733 414.411
768 389.111 841.609
769 724.174 427.473
770 91.4029 734.916
771 753.075 81.7286
772 637.806 846.98
773 475.021 359.63
774 415.296 94.3938
775 343.12 188.36
776 229.316 913.388
777 154.271 310.312
778 182.287 341.533
779 205.939 272.286
780 335.276 172.46
781 501.907 65.4317
782 809.259 963.683
783 912.992 446.455
784 481.918 179.266
785 699.24 472.091
786 936.705 248.604
787 299.539 277.444
788 819.636 822.443
789 795.068 629.902
790 260.964 7.20237
791 952.971 289.529
792 517.441 859.462
793 256.172 707.511
794 491.256 921.049
795 825.983 93.5392
796 282.632 76.693
797 643.269 383.862
798 431.532 515.091
799 974.975 140.721
800 5.18815 74.6178
801 411.664 914.792
802 187.658 755.333
803 423.139 101.718
804 527.421 677.938
805 837.184 824.213
806 499.496 271.493
807 148.991 870.449
808 538.377 970.794
809 66.744 220.679
810 197.729 204.627
811 199.53 192.908
812 593.493 956.786
813 294.382 738.792
814 786.126 679.83
815 928.434 921.323
816 258.98 844.325
817 61.8915 105.441
818 148.32 903.775
819 359.416 892.758
820 381.573 956.694
821 684.561 331.462
822 380.108 887.539
823 674.642 433.271
824 482.833 267.098
825 802.057 527.848
826 746.33 794.122
827 827.784 486.679
828 278.787 559.038
829 54.1398 347.179
830 762.902 911.252
831 282.388 368.48
832 324.564 211.249
833 881.619 50.1419
834 403.821 248.817
835 875.271 144.871
836 783.654 608.112
837 451.704 196.844
838 433.332 761.773
839 804.559 636.464
840 322.672 174.444
841 709.403 963.195
842 862.88 197.546
843 743.217 47.3037
844 130.833 36.0424
845 552.69 82.3695
846 533.006 568.957
847 77.1813 218.879
848 64.4551 304.605
849 133.702 411.267
850 820.643 251.686
851 268.715 508.774
852 916.532 987.945
853 284.432 121.738
854 470.931 706.961
855 344.646 294.748
856 811.121 525.102
857 67.3238 517.228
858 554.399 829.218
859 509.568 103.641
860 723.106 946.684
861 451.308 473.922
862 548.845 918.882
863 884.365 365.276
864 122.532 659.719
865 112.43 507.401
866 546.464 279.794
867 369.182 791.284
868 744.346 858.119
869 359.661 463.851
870 585.925 442.091
871 632.038 379.04
872 482.589 557.604
873 185.705 836.665
874 109.256 9.70489
875 221.778 40.6201
876 410.291 255.959
877 442.732 707.602
878 544.053 133.061
879 806.635 856.777
880 923.826 218.268
881 143.223 313.364
882 10.2847 606.861
883 537.248 955.565
884 12.3905 386.883
885 885.708 237.068
886 152.593 592.456
887 535.203 16.541
888 652.73 916.715
889 405.56 224.464
890 97.0794 965.819
891 506.119 399.579
892 328.41 335.307
893 250.771 625.416
894 533.525 289.956
895 478.072 898.679
896 674.581 328.166
897 582.751 460.341
898 922.3 412.763
899 664.724 120.975
900 247.383 148.686
901 102.023 111.576
902 826.441 689.505
903 453.749 490.738
904 418.5 653.432
905 99.2157 639.912
906 368.633 830.592
907 520.035 877.956
908 394.696 962.279
909 630.604 725.7
910 813.41 374.126
911 63.9363 852.565
912 362.377 743.583
913 818.964 235.603
914 273.934 783.715
915 174.718 563.219
916 757.103 124.241
917 279.427 413.8
918 544.206 170.965
919 318.613 241.249
920 658.04 225.074
921 670.247 698.416
922 56.032 643.33
923 952.239 329.508
924 307.627 320.688
925 368.542 162.969
926 961.119 276.437
927 260.811 236.213
928 756.035 624.836
929 271.004 582.812
930 337.901 712.149
931 21.5766 714.133
932 630.695 700.552
933 719.871 126.377
934 523.942 380.902
935 591.937 864.132
936 30.7932 495.163
937 553.484 671.773
938 572.588 349.59
939 22.6447 764.275
940 546.953 0.640889
941 282.235 748.07
942 835.231 794.031
943 296.457 723.807
944 405.591 538.652
945 389.386 101.779
946 668.203 96.7132
947 690.939 161.84
948 738.517 670.766
949 756.584 888.241
950 264.931 569.506
951 267.129 111.454
952 977.477 733.451
953 214.911 487.899
954 612.903 801.202
955 482.62 348.521
956 373.669 998.505
957 220.618 947.996
958 575.701 630.268
959 929.899 145.543
960 642.323 457.93
961 655.751 48.6465
962 99.9786 742.393
963 199.591 650.746
964 732.139 234.352
965 754.112 994.537
966 547.655 893.307
967 868.862 891.781
968 719.901 615.955
969 151.921 731.071
970 152.776 756.218
971 614.49 404.736
972 829.981 716.788
973 63.7226 886.044
974 603.626 394.757
975 451.369 488.083
976 578.784 761.803
977 583.056 335.734
978 749.748 360.332
979 95.645 81.4539
980 44.4655 997.07
981 108.188 396.68
982 433.912 414.96
983 453.017 269.723
984 261.33 224.982
985 893.094 641.743
986 449.324 878.964
987 232.063 411.695
988 739.372 964.415
989 723.044 341.716
990 621.448 603.381
991 682.485 894.223
992 108.798 235.633
993 715.506 531.663
994 15.1067 567.949
995 458.449 510.91
996 889.645 970.855
997 245.827 702.384
998 266.671 103.549
999 606.769 466.292

23 72 100 402 528 917 
42 40 119 124 167 259 
89 34 123 269 456 968 
40 42 124 119 652 700 
34 116 127 255 269 456 
137 64 143 515 753 840 
35 88 146 442 868 991 
95 59 153 407 553 781 
19 69 159 157 167 190 
157 19 159 69 602 766 
49 6 160 306 349 804 
40 27 161 259 417 700 
108 17 163 376 593 899 
63 37 165 330 349 877 
42 119 167 40 652 944 
159 69 167 19 652 944 
87 120 170 609 933 947 
74 41 178 338 549 976 
5 55 188 174 275 835 
174 5 188 55 542 629 
69 19 190 159 412 652 
83 128 193 717 751 873 
45 103 214 200 415 744 
200 45 214 103 401 534 
173 108 224 487 593 946 
88 96 226 418 680 772 
85 147 237 540 640 923 
25 92 245 185 666 942 
92 185 245 25 344 468 
107 106 249 693 719 -1 
75 112 254 536 609 964 
127 116 255 34 356 691 
47 15 258 180 433 899 
180 47 258 15 252 433 
186 252 258 180 400 455 
252 180 258 47 186 743 
119 40 259 42 161 944 
40 161 259 27 119 276 
93 239 267 391 461 992 
123 34 269 89 127 127 
34 127 269 116 123 123 
127 123 269 34 34 277 
55 5 275 188 627 842 
140 259 276 161 872 944 
259 161 276 40 140 417 
123 127 277 269 665 968 
232 118 277 380 665 968 
20 146 280 655 868 991 
104 217 289 281 420 426 
281 104 289 217 457 659 
151 135 291 795 833 835 
246 240 292 414 784 824 
31 131 294 518 770 905 
39 287 294 624 770 969 
138 201 295 207 817 979 
201 207 295 138 597 620 
265 12 296 366 392 451 
248 64 298 515 667 945 
160 6 306 49 165 483 
6 165 306 160 149 349 
165 149 306 6 330 483 
282 209 308 567 730 748 
151 231 309 399 795 833 
53 30 323 669 829 981 
253 145 325 317 382 690 
145 317 325 253 343 344 
165 37 330 63 149 838 
58 149 330 165 439 792 
149 165 330 306 37 58 
129 211 332 327 340 532 
327 129 332 211 220 569 
220 327 332 129 664 836 
41 126 338 196 178 976 
126 196 338 41 909 976 
178 41 338 74 126 932 
204 24 339 589 776 873 
77 211 340 129 415 827 
129 121 340 211 511 747 
211 129 340 332 77 121 
185 317 343 145 344 584 
317 145 343 325 185 690 
185 92 344 245 317 805 
317 185 344 343 92 325 
325 317 344 145 185 382 
102 82 345 437 886 963 
194 112 347 588 850 964 
6 49 349 160 165 854 
63 165 349 37 6 854 
165 6 349 306 49 63 
309 243 350 467 609 795 
75 120 354 609 947 964 
110 29 355 234 668 973 
234 110 355 29 452 980 
127 255 356 116 307 665 
255 307 356 127 232 921 
307 232 356 255 665 948 
205 148 357 93 490 901 
93 205 357 148 391 847 
172 296 366 12 392 440 
296 12 366 265 172 440 
152 333 367 435 458 716 
303 233 369 376 845 859 
212 333 370 435 574 930 
109 95 373 189 781 803 
189 109 373 95 324 774 
324 189 373 109 451 725 
164 58 375 573 650 792 
163 17 376 108 454 727 
233 303 376 369 454 727 
118 232 380 277 928 948 
4 136 381 418 442 724 
253 325 382 145 344 815 
325 344 382 317 253 505 
67 53 384 430 849 981 
265 8 389 392 774 945 
57 9 391 267 453 634 
267 57 391 9 93 461 
205 93 391 357 267 634 
93 267 391 239 57 205 
172 278 392 296 568 753 
296 172 392 366 278 265 
8 265 392 389 296 753 
265 296 392 12 172 8 
304 78 393 572 592 726 
130 171 395 168 510 812 
171 168 395 130 579 888 
86 262 397 834 855 919 
231 32 399 309 488 833 
309 231 399 151 32 524 
186 258 400 252 455 899 
200 214 401 45 511 534 
150 318 401 410 534 712 
23 100 402 72 98 953 
100 98 402 23 436 509 
311 194 403 588 588 741 
59 95 407 153 667 784 
107 318 408 132 534 -1 
318 132 408 107 410 559 
217 132 410 318 420 559 
132 318 410 408 217 150 
318 150 410 401 132 712 
99 52 411 458 657 943 
190 19 412 69 601 828 
292 240 414 246 743 866 
214 103 415 45 340 596 
305 38 415 596 735 783 
77 340 415 211 214 783 
340 214 415 103 77 511 
398 380 416 814 928 948 
2 276 417 161 644 872 
276 161 417 259 2 27 
161 27 417 40 276 904 
293 268 417 639 644 904 
96 88 418 226 552 826 
4 381 418 136 552 615 
289 217 420 104 410 985 
217 410 420 132 289 712 
362 122 425 199 594 723 
199 362 425 122 695 810 
217 104 426 289 457 559 
261 331 429 372 846 958 
331 372 429 261 13 663 
372 13 429 331 438 663 
48 125 430 449 582 661 
384 53 430 67 449 669 
266 79 432 580 673 994 
15 47 433 258 180 947 
47 180 433 258 15 544 
27 367 435 333 700 904 
333 212 435 370 367 904 
367 333 435 152 27 212 
98 100 436 402 113 987 
113 98 436 100 622 987 
82 102 437 345 300 864 
300 82 437 102 969 997 
142 422 438 471 599 897 
429 13 438 372 599 897 
58 330 439 149 493 573 
12 223 440 366 451 469 
366 12 440 296 223 172 
172 366 440 296 12 568 
35 136 442 4 88 868 
136 4 442 381 35 552 
88 35 442 146 136 552 
302 261 444 575 804 958 
96 286 445 477 826 921 
377 62 445 230 814 948 
230 377 445 62 477 520 
386 384 449 430 610 849 
384 430 449 53 386 125 
430 125 449 48 384 865 
265 189 451 12 324 774 
223 12 451 440 265 324 
12 265 451 296 189 223 
189 324 451 373 265 223 
324 223 451 12 189 469 
110 234 452 355 636 890 
9 57 453 391 752 811 
251 43 453 752 811 900 
163 376 454 17 303 455 
376 303 454 233 163 878 
252 186 455 258 454 400 
454 252 455 186 163 918 
186 400 455 258 252 899 
163 454 455 376 252 899 
116 34 456 127 89 545 
34 89 456 123 116 413 
89 413 456 34 664 718 
104 281 457 289 426 529 
426 104 457 217 281 529 
52 333 458 152 411 574 
333 152 458 367 52 616 
411 52 458 99 333 657 
57 267 461 391 239 810 
267 239 461 93 57 723 
424 431 464 419 890 957 
431 419 464 424 702 956 
243 309 467 350 524 771 
245 185 468 92 529 666 
223 324 469 451 440 711 
91 440 469 223 790 940 
440 223 469 12 324 91 
353 158 470 481 685 827 
142 314 471 115 422 897 
314 115 471 142 486 861 
422 142 471 438 314 903 
221 22 473 405 865 915 
405 221 473 22 580 756 
273 68 474 484 815 996 
65 29 475 668 911 973 
184 66 476 545 646 999 
18 230 477 445 520 615 
230 445 477 377 18 286 
445 286 477 96 230 826 
348 264 479 501 802 873 
79 97 480 576 580 857 
158 353 481 470 512 856 
160 306 483 6 149 549 
149 74 483 306 549 976 
306 149 483 165 160 74 
273 474 484 68 523 578 
115 314 486 471 891 982 
173 224 487 108 299 961 
224 299 487 173 734 946 
32 219 488 399 726 -1 
162 247 488 387 364 843 
387 162 488 247 721 940 
399 32 488 231 219 364 
247 364 488 162 399 843 
364 399 488 32 247 524 
472 300 489 531 802 997 
357 148 490 205 365 678 
148 365 490 357 310 628 
365 310 490 148 530 678 
31 394 491 428 482 905 
394 428 491 31 558 922 
482 31 491 394 518 558 
439 330 493 58 551 838 
168 236 494 579 704 965 
241 337 496 636 689 818 
225 475 496 689 911 973 
291 51 498 527 835 959 
279 262 499 748 834 855 
479 264 501 348 531 873 
344 378 505 382 805 967 
382 344 505 325 378 523 
175 81 506 535 662 935 
222 169 508 775 889 925 
98 386 509 402 610 622 
402 98 509 100 386 610 
175 328 510 130 535 935 
328 130 510 175 395 591 
130 395 510 171 328 443 
395 443 510 130 535 888 
214 340 511 415 121 401 
340 121 511 129 214 421 
121 421 511 340 401 747 
401 214 511 200 340 421 
421 401 511 121 214 712 
481 353 512 158 560 664 
378 117 514 637 805 967 
64 137 515 143 298 925 
298 64 515 248 137 925 
131 31 518 294 482 939 
31 482 518 491 131 931 
18 25 520 230 666 942 
230 18 520 477 25 377 
227 377 520 230 814 972 
377 230 520 445 18 227 
84 299 521 771 933 946 
382 505 523 344 815 967 
484 474 523 273 815 967 
309 399 524 231 364 467 
399 364 524 488 309 843 
467 309 524 243 399 843 
374 246 526 837 876 983 
275 342 527 541 627 842 
498 51 527 291 627 959 
72 23 528 100 670 953 
426 457 529 104 281 584 
468 185 529 245 617 714 
457 281 529 104 426 714 
310 365 530 490 613 699 
472 489 531 300 479 914 
489 479 531 472 501 802 
479 501 531 264 489 914 
332 211 532 129 635 856 
485 71 533 742 816 906 
318 107 534 408 401 744 
45 200 534 214 401 744 
200 401 534 214 45 318 
401 318 534 150 107 200 
81 175 535 506 510 772 
175 510 535 328 81 443 
510 443 535 395 175 991 
254 112 536 75 614 850 
181 465 537 316 831 892 
465 316 537 181 567 581 
319 17 538 322 625 727 
17 322 538 319 593 761 
208 85 540 237 3 923 
85 237 540 147 208 697 
197 3 540 379 208 863 
379 197 540 3 697 741 
3 208 540 85 197 674 
244 50 541 527 693 799 
50 527 541 244 342 959 
527 342 541 275 50 880 
174 188 542 5 135 795 
188 135 542 174 795 835 
242 256 543 556 729 801 
433 180 544 47 743 920 
66 184 545 476 663 718 
116 456 545 34 718 990 
525 396 546 669 669 884 
83 351 547 337 689 873 
351 337 547 83 689 807 
74 178 549 41 301 483 
178 301 549 74 562 932 
483 74 549 149 178 160 
160 483 549 306 74 937 
76 439 551 459 493 573 
459 76 551 439 768 867 
439 493 551 330 76 838 
4 418 552 381 442 88 
442 4 552 136 418 88 
418 88 552 96 4 442 
88 442 552 35 4 418 
153 59 553 95 859 918 
144 485 555 46 930 941 
485 46 555 144 867 930 
543 256 556 242 794 986 
500 388 557 658 668 751 
428 427 558 491 882 922 
482 491 558 31 428 882 
491 428 558 394 427 482 
132 217 559 410 408 426 
408 132 559 318 217 952 
217 426 559 104 132 952 
66 228 560 646 718 993 
512 353 560 481 564 993 
549 301 562 178 691 937 
198 504 563 842 850 885 
560 353 564 512 685 785 
7 213 565 660 848 884 
282 308 567 209 537 730 
308 537 567 282 316 748 
537 316 567 465 308 746 
250 278 568 334 172 671 
334 250 568 278 440 790 
278 172 568 392 250 440 
172 440 568 366 278 334 
440 334 568 250 172 790 
129 327 569 332 139 747 
327 139 569 129 371 738 
139 371 569 327 632 985 
420 421 569 712 747 985 
393 78 572 304 219 -1 
219 393 572 78 726 -1 
58 439 573 330 76 375 
439 76 573 551 58 729 
375 58 573 164 439 986 
333 52 574 458 370 943 
370 333 574 212 52 930 
101 2 575 261 644 872 
261 101 575 2 444 846 
444 261 575 302 101 644 
79 480 576 97 94 994 
480 94 576 79 619 994 
215 187 577 740 987 987 
462 113 577 622 645 987 
210 273 578 484 715 996 
273 484 578 474 210 715 
168 171 579 395 550 236 
171 550 579 168 812 812 
236 168 579 494 171 728 
97 79 580 480 473 266 
473 97 580 79 405 865 
79 266 580 432 97 329 
266 329 580 79 405 673 
329 405 580 266 473 673 
405 473 580 221 97 329 
316 465 581 537 141 737 
465 141 581 316 740 766 
125 48 582 430 857 865 
111 283 583 587 606 732 
185 343 584 317 341 617 
343 341 584 185 426 690 
341 426 584 343 529 952 
426 529 584 457 341 617 
216 191 585 463 893 950 
191 463 585 216 272 683 
463 272 585 191 736 886 
352 61 586 630 713 866 
204 502 587 111 589 776 
502 111 587 204 583 607 
111 583 587 283 502 816 
311 403 588 194 194 989 
194 347 588 112 403 687 
403 194 588 311 311 347 
24 204 589 339 587 618 
204 587 589 502 24 618 
155 130 591 328 812 966 
130 328 591 510 155 688 
78 304 592 393 677 -1 
17 108 593 163 173 322 
108 173 593 224 17 322 
173 322 593 108 17 961 
322 17 593 538 108 173 
239 90 594 722 723 992 
425 122 594 362 723 779 
305 415 596 38 103 744 
415 103 596 214 305 744 
91 207 597 201 611 739 
207 201 597 295 91 844 
321 335 598 645 707 924 
181 434 598 831 892 924 
429 438 599 13 422 846 
438 422 599 142 429 995 
190 412 601 19 716 929 
70 157 602 159 745 869 
157 159 602 19 70 798 
155 260 603 728 862 883 
583 283 606 111 703 742 
111 502 607 587 732 776 
280 257 608 647 655 991 
120 75 609 354 170 254 
170 120 609 87 75 916 
75 254 609 112 120 629 
350 243 609 309 795 916 
22 80 610 36 865 915 
80 36 610 22 402 953 
36 402 610 80 509 953 
402 509 610 98 36 386 
386 449 610 384 509 865 
509 386 610 98 402 449 
207 91 611 597 554 620 
91 554 611 207 620 -1 
77 423 612 218 783 827 
218 271 612 423 44 863 
423 218 612 77 271 783 
271 44 612 218 696 827 
11 213 613 530 628 -1 
213 530 613 11 365 694 
530 365 613 310 213 628 
1 254 614 536 629 629 
254 536 614 112 1 913 
183 18 615 477 604 942 
418 381 615 4 604 826 
18 477 615 230 183 826 
381 604 615 418 183 724 
604 183 615 18 381 788 
458 152 616 333 657 716 
529 185 617 468 584 584 
185 584 617 343 529 529 
584 529 617 426 185 185 
24 589 618 204 587 873 
589 587 618 204 24 816 
313 94 619 480 661 882 
94 480 619 576 313 857 
295 207 620 201 611 817 
207 611 620 91 295 554 
611 554 620 91 207 800 
492 238 621 698 701 989 
98 113 622 436 386 462 
386 98 622 509 113 849 
113 462 622 577 98 849 
516 134 623 777 778 779 
287 39 624 294 762 970 
319 538 625 17 845 887 
360 166 626 311 767 910 
311 360 626 166 741 978 
51 55 627 527 275 835 
527 51 627 498 55 275 
55 275 627 5 51 527 
275 527 627 342 51 55 
11 613 628 213 365 620 
365 148 628 490 613 817 
613 365 628 530 11 148 
620 11 628 613 800 817 
5 174 629 188 609 842 
174 609 629 5 254 795 
254 1 629 614 609 614 
609 254 629 75 174 1 
1 614 629 254 254 842 
361 544 630 713 743 920 
414 586 630 61 743 866 
586 61 630 352 414 713 
289 371 632 139 659 985 
371 139 632 569 289 731 
68 21 633 513 815 996 
21 513 633 68 26 852 
513 26 633 21 690 -1 
205 391 634 93 497 9 
497 205 634 391 507 901 
391 9 634 57 205 466 
9 466 634 391 507 643 
466 507 634 9 497 875 
507 497 634 205 466 844 
332 532 635 211 664 825 
110 452 636 234 206 973 
452 206 636 110 241 890 
206 241 636 452 496 890 
241 496 636 337 206 973 
195 448 637 514 782 879 
448 514 637 195 117 715 
514 117 637 378 448 879 
268 293 639 417 444 904 
49 444 639 268 804 854 
444 268 639 293 49 644 
237 147 640 85 786 791 
54 494 641 704 841 965 
216 346 642 601 893 929 
346 601 642 216 716 929 
466 9 643 634 682 752 
2 417 644 276 575 268 
575 2 644 101 417 444 
417 268 644 293 2 444 
268 444 644 639 417 575 
444 575 644 261 2 268 
462 577 645 113 778 831 
598 335 645 321 778 831 
476 66 646 184 560 960 
66 560 646 228 476 785 
608 257 647 280 704 841 
73 363 648 419 607 732 
419 73 648 363 702 956 
363 607 648 73 732 957 
80 191 649 683 760 953 
164 375 650 58 895 907 
495 404 651 748 894 955 
124 42 652 40 167 716 
42 167 652 119 124 69 
167 69 652 159 42 190 
69 190 652 19 167 716 
447 441 653 462 881 981 
441 462 653 447 778 849 
20 280 655 146 608 949 
280 608 655 257 20 860 
99 411 657 52 458 793 
411 458 657 52 99 616 
458 616 657 152 411 893 
131 557 658 388 770 939 
557 388 658 500 131 751 
281 289 659 104 632 714 
289 632 659 371 281 709 
7 565 660 213 263 686 
565 263 660 7 829 884 
525 313 661 619 669 882 
48 430 661 125 669 936 
313 619 661 94 525 936 
56 506 662 81 935 954 
506 81 662 175 56 656 
81 656 662 506 772 954 
184 13 663 372 545 999 
13 372 663 429 184 331 
545 184 663 66 13 331 
372 331 663 429 13 545 
331 545 663 184 372 692 
89 315 664 220 413 928 
315 220 664 89 332 836 
413 89 664 456 315 512 
512 413 664 89 481 993 
481 512 664 353 413 635 
635 481 664 512 332 825 
220 332 664 327 315 635 
332 635 664 532 481 220 
232 277 665 118 356 127 
356 232 665 307 277 127 
277 127 665 123 232 356 
127 356 665 255 232 277 
25 245 666 92 468 520 
245 468 666 185 25 714 
176 520 666 25 714 972 
520 25 666 18 245 176 
407 95 667 59 590 803 
248 298 667 64 169 803 
298 169 667 248 889 925 
590 407 667 95 784 889 
355 29 668 110 65 882 
29 65 668 475 355 500 
65 500 668 29 557 911 
500 557 668 388 65 939 
430 53 669 384 323 661 
396 525 669 546 546 661 
53 323 669 30 430 546 
323 546 669 53 396 884 
546 396 669 525 525 323 
525 661 669 313 396 430 
661 430 669 48 53 525 
72 528 670 23 766 851 
278 250 671 568 796 875 
595 203 671 466 681 951 
466 595 671 203 682 875 
10 236 672 446 808 965 
446 10 672 236 749 908 
405 329 673 580 266 905 
329 266 673 580 405 432 
266 432 673 79 329 427 
432 427 673 266 882 922 
274 249 674 719 735 923 
208 3 674 540 600 923 
3 600 674 208 735 863 
533 606 675 703 742 906 
548 28 676 33 787 919 
33 548 676 28 787 927 
106 592 677 304 799 -1 
592 304 677 78 106 726 
357 490 678 148 310 699 
490 310 678 365 357 699 
226 96 680 88 409 656 
96 409 680 226 909 954 
656 226 680 96 772 954 
671 203 681 595 796 998 
595 466 682 671 643 900 
466 643 682 9 595 752 
191 80 683 649 463 915 
463 191 683 585 80 915 
353 470 685 158 564 767 
564 353 685 560 470 769 
7 660 686 565 829 848 
347 358 687 588 297 964 
588 347 687 194 358 297 
358 297 687 347 588 896 
297 588 687 347 358 989 
591 328 688 130 935 966 
337 351 689 547 83 496 
351 83 689 547 337 911 
225 496 689 475 337 911 
496 337 689 241 351 225 
145 253 690 325 343 633 
341 343 690 584 145 952 
343 145 690 317 253 341 
253 633 690 145 26 815 
633 26 690 513 253 -1 
255 116 691 127 301 990 
114 562 691 301 958 990 
301 255 691 116 562 932 
562 301 691 549 114 255 
114 14 692 545 958 990 
14 545 692 114 331 990 
545 331 692 663 14 958 
106 244 693 541 249 799 
244 541 693 50 106 786 
249 106 693 107 244 926 
530 213 694 613 699 848 
199 425 695 362 503 927 
425 503 695 199 654 779 
503 654 695 425 33 779 
654 33 695 503 707 927 
44 271 696 612 470 910 
470 44 696 271 767 827 
237 478 697 540 786 885 
379 540 697 197 237 563 
540 237 697 85 478 379 
563 379 697 540 757 885 
238 326 698 621 767 823 
621 238 698 492 326 285 
285 621 698 238 978 989 
310 530 699 365 678 694 
678 310 699 490 530 357 
179 357 699 678 694 847 
357 678 699 490 310 179 
530 694 699 213 310 179 
694 179 699 357 530 809 
27 40 700 161 367 124 
367 27 700 435 40 716 
40 124 700 42 27 716 
182 238 701 492 823 896 
238 492 701 621 182 821 
464 419 702 431 648 957 
419 648 702 73 464 957 
606 283 703 583 675 763 
675 606 703 533 283 819 
647 257 704 608 54 888 
168 494 704 236 54 888 
494 54 704 641 168 647 
54 647 704 257 494 841 
154 679 705 312 765 984 
679 312 705 154 765 840 
290 571 706 638 934 955 
571 638 706 290 631 891 
638 631 706 571 651 938 
631 651 706 638 938 955 
321 33 707 654 335 787 
33 654 707 695 321 623 
335 321 707 598 33 778 
654 623 707 33 778 779 
176 659 709 632 714 972 
659 632 709 289 176 902 
519 398 710 731 814 839 
469 324 711 223 725 940 
150 401 712 318 421 410 
401 421 712 511 150 420 
410 150 712 318 401 420 
420 410 712 217 150 421 
421 420 712 569 401 410 
61 352 713 586 630 977 
358 361 713 630 896 920 
361 630 713 544 358 61 
630 61 713 586 352 361 
468 529 714 185 281 666 
529 281 714 457 468 659 
659 176 714 709 666 281 
176 666 714 520 659 468 
666 468 714 245 529 176 
281 659 714 289 529 176 
514 448 715 637 782 967 
210 578 715 273 484 782 
578 484 715 273 210 967 
152 367 716 333 616 700 
616 152 716 458 367 346 
601 346 716 642 616 190 
346 616 716 152 601 893 
190 601 716 412 346 652 
652 190 716 69 601 124 
367 700 716 27 152 124 
124 652 716 42 190 700 
700 124 716 40 367 652 
193 128 717 83 348 762 
128 348 717 193 873 970 
456 413 718 89 545 993 
228 66 718 560 545 993 
66 545 718 184 228 456 
545 456 718 116 413 66 
107 249 719 106 274 758 
249 274 719 674 107 735 
162 387 721 488 843 961 
90 235 722 594 516 992 
594 90 722 239 235 779 
235 516 722 90 777 779 
461 239 723 267 594 810 
122 362 723 425 594 810 
239 594 723 90 461 122 
594 122 723 425 362 239 
381 136 724 4 604 868 
450 195 724 868 879 949 
604 381 724 615 136 879 
324 373 725 189 711 781 
711 324 725 469 373 887 
219 32 726 488 393 833 
304 393 726 78 219 677 
393 219 726 572 32 304 
677 304 726 592 393 799 
17 319 727 538 376 845 
376 17 727 163 319 233 
233 376 727 303 17 845 
155 603 728 260 808 812 
236 579 728 168 808 812 
76 320 729 573 768 822 
573 76 729 439 320 543 
242 543 729 256 573 801 
543 573 729 76 242 986 
209 282 730 308 368 567 
368 209 730 282 746 982 
282 567 730 308 209 746 
139 519 731 710 632 839 
519 710 731 398 139 902 
632 139 731 371 519 902 
363 73 732 648 607 763 
283 111 732 583 607 763 
111 607 732 502 283 363 
607 363 732 648 73 111 
322 387 733 0 761 961 
387 0 733 322 761 940 
487 299 734 224 721 961 
299 721 734 487 843 961 
38 305 735 415 570 758 
570 38 735 305 600 783 
600 570 735 38 674 898 
274 674 735 249 600 719 
674 600 735 3 570 274 
719 274 735 249 674 758 
585 272 736 463 886 893 
316 581 737 465 16 745 
581 16 737 316 745 766 
139 327 738 569 789 839 
91 597 739 207 790 874 
141 465 740 581 831 917 
577 187 740 215 831 917 
197 379 741 540 385 757 
385 197 741 379 626 910 
194 311 741 403 626 757 
311 626 741 360 194 385 
626 385 741 197 311 910 
533 71 742 485 606 816 
606 533 742 675 71 583 
583 606 742 283 533 816 
180 252 743 258 544 918 
292 414 743 240 630 918 
414 630 743 586 292 544 
544 180 743 433 252 630 
630 544 743 361 414 180 
107 305 744 534 596 758 
45 534 744 200 107 103 
534 107 744 318 305 45 
103 45 744 214 534 596 
596 103 744 415 45 305 
305 596 744 415 107 103 
70 602 745 157 746 869 
737 16 745 581 316 869 
316 737 745 581 16 746 
368 730 746 209 567 602 
730 567 746 282 368 316 
602 368 746 730 745 982 
745 602 746 70 368 316 
567 316 746 537 730 745 
316 745 746 737 602 567 
121 129 747 340 569 421 
129 569 747 327 121 421 
421 121 747 511 129 569 
569 421 747 420 129 121 
308 209 748 282 537 773 
374 279 748 499 876 983 
279 499 748 262 374 892 
404 495 748 651 773 983 
537 308 748 567 209 892 
260 383 749 794 862 883 
446 672 749 10 794 808 
83 193 751 128 762 911 
388 500 751 557 658 911 
658 388 751 557 500 962 
9 453 752 57 643 43 
643 9 752 466 453 682 
453 43 752 251 9 682 
43 682 752 453 643 900 
682 643 752 466 9 43 
64 8 753 143 392 945 
143 64 753 137 8 853 
8 392 753 265 64 278 
392 278 753 172 8 796 
566 476 754 960 999 999 
30 447 755 192 829 981 
447 192 755 30 848 881 
221 405 756 473 684 886 
405 684 756 221 864 905 
379 563 757 697 561 741 
563 561 757 379 194 850 
561 194 757 563 741 850 
194 741 757 311 561 379 
741 379 757 197 563 194 
305 107 758 744 735 719 
735 305 758 38 107 719 
107 719 758 249 305 735 
719 735 758 274 305 107 
649 191 760 80 528 950 
528 649 760 191 851 953 
0 538 761 322 733 940 
538 322 761 17 0 733 
322 733 761 387 538 0 
733 0 761 387 538 322 
624 39 762 287 717 962 
717 624 762 39 193 970 
193 717 762 128 624 751 
751 193 762 83 717 962 
703 283 763 606 732 820 
283 732 763 111 703 73 
732 73 763 363 283 956 
154 676 765 679 919 927 
679 154 765 705 676 312 
312 679 765 705 154 919 
141 72 766 581 670 917 
19 157 766 159 670 869 
16 581 766 737 141 869 
581 141 766 465 72 16 
72 670 766 528 141 19 
670 19 766 157 72 851 
166 360 767 626 696 978 
696 166 767 360 470 910 
685 470 767 353 696 769 
470 696 767 44 166 685 
698 326 767 238 769 978 
320 76 768 729 459 906 
76 459 768 551 320 906 
564 685 769 353 767 785 
685 767 769 470 564 326 
767 326 769 698 685 823 
39 294 770 287 131 962 
294 131 770 31 39 658 
131 658 770 557 294 962 
243 467 771 309 843 916 
299 84 771 521 843 916 
88 226 772 96 535 656 
535 88 772 226 81 991 
81 535 772 175 88 656 
226 656 772 680 88 81 
656 81 772 662 535 226 
486 290 773 209 891 955 
209 486 773 290 748 982 
404 748 773 495 209 955 
748 209 773 308 486 404 
109 189 774 373 265 803 
189 265 774 451 109 389 
265 389 774 8 189 945 
222 508 775 169 780 832 
204 339 776 24 424 502 
339 424 776 204 818 957 
502 204 776 587 339 607 
607 502 776 111 204 957 
134 516 777 623 235 778 
516 235 777 722 134 881 
623 134 778 516 707 777 
645 335 778 598 462 707 
462 645 778 577 335 653 
653 462 778 441 645 777 
335 707 778 321 645 623 
707 623 778 654 134 335 
134 777 778 516 623 653 
777 653 778 462 134 881 
503 425 779 695 594 654 
425 594 779 122 503 722 
516 623 779 134 654 722 
623 654 779 707 516 503 
654 503 779 695 425 623 
722 516 779 235 623 594 
594 722 779 90 425 516 
105 775 780 508 832 840 
775 508 780 222 105 925 
95 153 781 59 373 859 
373 95 781 109 153 725 
725 373 781 324 95 625 
625 725 781 373 859 887 
448 195 782 637 715 830 
406 460 782 965 988 996 
210 715 782 578 448 996 
715 448 782 514 195 210 
77 415 783 340 38 423 
415 38 783 305 77 570 
423 77 783 612 415 218 
218 423 783 612 77 898 
38 570 783 735 415 898 
246 292 784 240 59 837 
292 59 784 246 407 918 
59 407 784 95 292 590 
407 590 784 667 59 837 
560 564 785 353 646 769 
646 560 785 66 564 270 
270 646 785 560 769 960 
769 270 785 646 564 823 
564 769 785 685 560 270 
478 237 786 697 640 880 
237 640 786 147 478 926 
693 541 786 244 880 926 
86 28 787 548 919 924 
33 321 787 707 548 924 
548 33 787 676 321 28 
28 548 787 676 86 33 
183 604 788 615 879 942 
738 327 789 139 836 839 
250 334 790 568 440 875 
177 507 790 739 844 875 
739 177 790 507 91 874 
334 440 790 568 250 91 
440 91 790 469 334 739 
91 739 790 597 177 440 
640 147 791 237 923 926 
149 58 792 330 164 858 
58 164 792 375 149 907 
688 359 792 858 907 935 
99 657 793 411 943 997 
256 446 794 556 749 801 
556 256 794 543 446 895 
749 383 794 260 446 764 
446 749 794 672 256 383 
383 764 794 749 650 862 
764 650 794 383 895 907 
135 151 795 291 309 542 
151 309 795 231 135 350 
309 350 795 243 151 609 
542 135 795 188 151 174 
174 542 795 188 135 609 
350 609 795 243 309 174 
609 174 795 629 542 350 
278 671 796 250 681 753 
671 681 796 203 278 998 
753 278 796 392 671 853 
202 140 798 159 944 995 
159 202 798 140 602 944 
602 159 798 157 202 975 
50 244 799 541 106 291 
244 106 799 693 50 677 
106 677 799 592 244 726 
291 50 799 244 726 959 
726 291 799 50 677 833 
677 726 799 304 106 291 
11 620 800 628 554 -1 
620 554 800 611 11 -1 
256 242 801 543 446 729 
446 256 801 794 242 908 
242 729 801 543 256 822 
489 300 802 472 479 969 
348 479 802 264 489 970 
479 489 802 531 300 348 
248 667 803 298 95 720 
667 95 803 407 248 109 
95 109 803 373 667 774 
720 248 803 667 774 945 
109 774 803 189 95 720 
774 720 803 248 109 945 
49 160 804 6 444 937 
444 49 804 639 160 302 
302 444 804 261 49 937 
117 378 805 514 344 788 
344 92 805 185 378 942 
378 344 805 505 117 92 
788 117 805 378 879 942 
547 337 807 351 818 873 
728 603 808 155 236 883 
672 236 808 10 728 749 
236 728 808 579 603 672 
749 672 808 446 236 883 
179 694 809 699 847 848 
199 251 810 362 811 984 
362 199 810 425 251 723 
723 362 810 122 199 461 
57 461 810 267 723 811 
461 723 810 239 362 57 
453 57 811 9 810 251 
57 810 811 461 453 251 
251 453 811 43 57 810 
810 251 811 199 57 453 
130 155 812 591 728 171 
155 728 812 603 130 579 
171 130 812 395 155 550 
550 171 812 579 130 579 
579 550 812 171 171 728 
728 579 812 236 155 550 
227 390 814 377 710 902 
62 377 814 445 416 227 
416 62 814 377 398 948 
377 227 814 520 390 62 
398 416 814 380 62 710 
390 710 814 227 398 902 
710 398 814 519 416 390 
253 382 815 325 523 633 
382 523 815 505 253 474 
523 474 815 484 382 68 
633 253 815 690 382 68 
474 68 815 273 523 633 
68 633 815 21 253 474 
501 618 816 587 873 914 
71 485 816 533 742 914 
742 71 816 533 485 583 
587 583 816 111 742 618 
583 742 816 606 71 587 
618 587 816 589 501 583 
295 620 817 207 628 138 
620 628 817 11 295 148 
628 148 817 365 620 901 
138 295 817 201 620 901 
424 339 818 776 807 890 
337 241 818 496 807 890 
807 337 818 547 241 339 
339 807 818 424 337 873 
320 675 819 703 822 906 
675 703 819 606 320 820 
703 763 820 283 819 908 
819 703 820 675 763 801 
801 819 820 703 822 908 
492 297 821 701 896 989 
701 492 821 238 297 896 
729 320 822 76 819 801 
320 819 822 675 729 801 
801 729 822 242 320 819 
819 801 822 820 320 729 
238 182 823 701 326 522 
326 238 823 698 182 769 
270 769 823 785 326 960 
769 326 823 767 238 270 
182 522 823 238 797 871 
522 797 823 182 871 971 
240 246 824 292 806 983 
806 240 824 246 495 894 
495 806 824 240 894 983 
481 635 825 664 532 856 
635 532 825 332 481 856 
286 96 826 445 418 477 
96 418 826 88 286 615 
477 286 826 445 96 615 
418 615 826 381 96 477 
615 477 826 18 286 418 
211 77 827 340 612 856 
77 612 827 423 211 44 
470 158 827 353 44 856 
44 470 827 696 158 612 
612 44 827 271 77 470 
412 19 828 190 760 929 
19 760 828 412 851 950 
263 323 829 30 660 884 
323 30 829 53 263 755 
660 263 829 565 323 686 
686 660 829 7 263 755 
30 755 829 447 323 686 
755 686 829 660 30 848 
782 195 830 448 949 988 
465 181 831 537 598 740 
181 598 831 434 465 645 
598 645 831 335 181 577 
645 577 831 462 598 740 
740 465 831 141 181 577 
577 740 831 187 645 465 
775 105 832 780 222 840 
222 775 832 508 105 919 
32 231 833 399 151 726 
231 151 833 309 32 291 
726 32 833 219 231 291 
151 291 833 135 231 726 
291 726 833 799 32 151 
262 279 834 499 397 876 
397 262 834 86 279 889 
55 51 835 627 188 291 
135 188 835 542 55 291 
188 55 835 5 51 135 
51 291 835 498 55 135 
291 135 835 151 188 51 
220 315 836 664 327 928 
327 220 836 332 315 789 
789 327 836 738 220 928 
526 246 837 374 590 784 
590 526 837 246 784 889 
246 784 837 292 526 590 
784 590 837 407 526 246 
330 37 838 165 493 877 
493 330 838 439 37 551 
551 493 838 439 330 336 
60 336 838 551 877 912 
336 551 838 493 60 867 
519 139 839 731 738 398 
139 738 839 327 519 789 
398 519 839 710 139 789 
789 398 839 519 738 928 
738 789 839 327 139 398 
705 312 840 679 143 832 
137 143 840 64 780 705 
780 137 840 143 105 925 
143 705 840 312 137 900 
105 780 840 775 137 832 
312 832 840 705 105 919 
832 105 840 775 780 312 
54 641 841 494 647 988 
608 647 841 257 54 860 
647 54 841 704 641 608 
275 5 842 55 342 629 
198 342 842 275 504 885 
342 275 842 527 5 198 
504 198 842 563 342 614 
614 504 842 198 629 913 
5 629 842 174 275 614 
629 614 842 1 504 5 
247 162 843 488 364 721 
364 247 843 488 162 524 
467 524 843 309 364 771 
524 364 843 399 247 467 
162 721 843 387 247 299 
771 467 843 243 524 299 
721 299 843 734 162 771 
299 771 843 84 467 721 
497 507 844 634 177 979 
507 177 844 790 497 874 
597 201 844 207 874 979 
319 625 845 538 369 727 
369 233 845 303 625 727 
625 369 845 319 233 859 
233 727 845 376 369 319 
727 319 845 17 625 233 
101 261 846 575 429 872 
261 429 846 331 101 599 
429 599 846 438 261 872 
93 357 847 205 759 179 
759 93 847 357 992 992 
357 179 847 699 93 809 
179 809 847 694 357 992 
213 7 848 565 694 686 
694 213 848 530 7 809 
7 686 848 660 213 755 
755 192 848 447 686 992 
686 755 848 829 7 192 
809 694 848 179 213 992 
67 384 849 53 386 539 
384 386 849 449 67 622 
539 67 849 384 441 981 
462 441 849 653 539 622 
441 539 849 67 462 981 
622 462 849 113 441 386 
386 622 849 98 384 462 
112 194 850 347 536 561 
536 112 850 254 194 913 
194 561 850 757 112 563 
561 563 850 757 194 504 
563 504 850 198 561 913 
19 670 851 766 760 528 
760 19 851 828 670 528 
670 528 851 72 19 760 
528 760 851 649 19 670 
513 21 852 633 460 996 
460 513 852 21 996 -1 
143 753 853 64 796 900 
753 796 853 278 143 998 
349 49 854 6 639 63 
49 639 854 444 349 877 
63 349 854 165 49 877 
262 86 855 397 499 924 
499 262 855 279 86 892 
158 481 856 353 825 827 
481 825 856 635 158 532 
532 211 856 332 825 827 
825 532 856 635 481 211 
827 158 856 470 481 211 
211 827 856 77 532 158 
480 97 857 79 619 865 
582 48 857 125 865 936 
619 480 857 94 97 936 
359 56 858 605 792 935 
56 605 858 359 149 954 
605 149 858 56 792 976 
149 792 858 58 605 359 
792 359 858 688 56 149 
303 369 859 233 625 878 
153 553 859 59 781 878 
781 153 859 95 553 625 
369 625 859 845 303 781 
625 781 859 725 153 369 
655 608 860 280 841 988 
608 841 860 647 655 988 
471 115 861 314 903 982 
260 155 862 603 383 966 
383 260 862 749 155 764 
764 383 862 794 260 966 
197 271 863 218 3 910 
271 218 863 612 197 898 
3 197 863 540 271 600 
600 3 863 674 197 898 
156 437 864 102 905 969 
437 102 864 82 156 756 
102 756 864 437 684 886 
756 684 864 405 102 905 
449 125 865 430 582 610 
125 582 865 48 449 857 
97 473 865 580 22 857 
473 22 865 221 97 610 
22 610 865 80 473 449 
610 449 865 386 125 22 
582 857 865 48 125 97 
857 97 865 480 473 582 
352 586 866 61 414 894 
414 240 866 292 586 894 
586 414 866 630 352 240 
336 46 867 485 551 912 
46 485 867 555 336 906 
459 551 867 76 336 906 
551 336 867 838 46 459 
146 20 868 280 35 949 
136 35 868 442 146 724 
35 146 868 88 20 136 
450 724 868 195 136 949 
724 136 868 381 35 450 
70 745 869 602 16 157 
745 16 869 737 70 766 
16 766 869 581 745 157 
157 70 869 602 745 766 
766 157 869 19 16 70 
284 638 870 314 750 938 
638 314 870 284 891 897 
750 284 870 638 974 999 
522 182 871 823 797 896 
797 522 871 823 182 971 
140 276 872 259 2 599 
276 2 872 417 140 101 
599 140 872 276 846 995 
2 101 872 575 276 846 
101 846 872 261 2 599 
846 599 872 429 140 101 
264 348 873 479 128 501 
348 128 873 717 264 83 
501 264 873 479 348 618 
128 83 873 193 348 547 
83 547 873 351 128 807 
24 618 873 589 501 339 
618 501 873 816 264 24 
547 807 873 337 83 339 
339 24 873 204 618 807 
807 339 873 818 547 24 
177 739 874 790 844 597 
844 177 874 507 739 597 
739 597 874 91 177 844 
597 844 874 201 177 739 
671 250 875 278 466 790 
507 466 875 634 671 790 
466 671 875 595 250 507 
250 790 875 334 671 507 
790 507 875 177 466 250 
279 374 876 748 834 526 
834 279 876 262 374 526 
374 526 876 246 279 834 
526 834 876 279 374 889 
60 838 877 336 37 212 
838 37 877 330 60 63 
37 63 877 165 838 854 
63 854 877 349 37 639 
212 60 877 838 639 912 
639 212 877 60 854 904 
854 639 877 49 63 212 
454 303 878 376 859 918 
303 859 878 369 454 553 
859 553 878 153 303 918 
637 117 879 514 195 788 
195 637 879 448 117 724 
724 195 879 450 637 604 
604 724 879 381 195 788 
117 788 879 805 637 604 
788 604 879 183 724 117 
478 786 880 237 541 885 
541 342 880 527 786 885 
786 541 880 693 478 342 
235 192 881 777 447 992 
777 235 881 516 192 653 
192 447 881 755 235 653 
447 653 881 441 192 777 
653 777 881 778 235 447 
313 525 882 661 94 -1 
427 432 882 673 558 994 
558 427 882 428 432 482 
482 558 882 491 427 931 
94 313 882 619 525 994 
355 668 882 29 931 -1 
603 260 883 155 808 749 
808 603 883 728 260 749 
260 749 883 383 603 808 
749 808 883 672 603 260 
525 546 884 396 323 213 
546 323 884 669 525 263 
323 263 884 829 546 565 
263 565 884 660 323 213 
213 525 884 546 565 -1 
565 213 884 7 263 525 
697 478 885 237 563 880 
198 563 885 504 697 342 
563 697 885 379 478 198 
342 198 885 842 563 880 
880 342 885 541 198 478 
478 880 885 786 697 342 
736 272 886 585 345 463 
102 345 886 82 736 756 
345 736 886 272 102 963 
221 756 886 405 102 915 
756 102 886 864 345 221 
272 463 886 585 736 915 
625 538 887 319 725 940 
711 725 887 324 625 940 
725 625 887 781 538 711 
395 168 888 171 443 704 
443 395 888 510 168 991 
168 704 888 494 395 257 
704 257 888 647 168 991 
169 222 889 508 397 667 
222 397 889 169 834 919 
667 169 889 298 222 590 
526 590 889 837 667 834 
590 667 889 407 169 526 
397 834 889 262 222 526 
834 526 889 876 590 397 
206 452 890 636 234 241 
452 234 890 110 206 980 
241 206 890 636 452 818 
818 241 890 337 206 424 
431 424 890 464 818 980 
424 818 890 339 241 431 
290 486 891 773 314 934 
486 314 891 115 290 638 
314 638 891 870 486 571 
638 571 891 706 314 934 
181 537 892 465 748 434 
537 748 892 308 181 499 
748 499 892 279 537 855 
434 181 892 598 537 924 
499 855 892 262 748 924 
346 216 893 642 585 616 
216 585 893 191 346 736 
616 346 893 716 216 657 
657 616 893 458 346 997 
585 736 893 272 216 963 
495 651 894 404 806 133 
806 495 894 824 651 240 
133 352 894 866 651 977 
352 866 894 586 133 240 
651 133 894 495 352 938 
240 806 894 824 495 866 
866 240 894 414 352 806 
650 375 895 164 794 986 
556 794 895 256 650 986 
794 650 895 764 375 556 
182 701 896 238 821 871 
297 358 896 687 821 713 
821 297 896 492 358 701 
358 713 896 361 297 977 
701 821 896 492 182 297 
871 182 896 522 701 977 
142 438 897 422 13 314 
438 13 897 429 142 999 
314 142 897 471 438 870 
870 314 897 638 142 999 
570 600 898 735 783 863 
783 570 898 38 600 218 
218 783 898 423 570 863 
600 863 898 3 570 218 
863 218 898 271 783 600 
108 163 899 17 455 946 
15 229 899 258 521 947 
258 15 899 47 229 400 
400 258 899 186 15 455 
163 455 899 454 108 400 
455 400 899 186 258 163 
229 521 899 15 933 946 
595 682 900 466 43 951 
682 43 900 752 595 251 
43 251 900 453 682 288 
251 288 900 43 705 984 
288 705 900 251 143 984 
705 143 900 840 288 853 
143 853 900 753 705 951 
148 205 901 357 497 817 
205 497 901 634 148 708 
497 708 901 205 979 979 
138 817 901 295 148 979 
817 148 901 628 205 138 
390 227 902 814 710 972 
710 390 902 814 227 731 
709 632 902 659 731 972 
632 731 902 139 709 710 
731 710 902 519 390 632 
422 471 903 142 861 995 
471 861 903 115 422 975 
293 417 904 268 27 639 
417 27 904 161 293 435 
27 435 904 367 417 212 
639 293 904 268 417 212 
435 212 904 333 27 639 
212 639 904 877 293 435 
31 294 905 131 394 156 
394 31 905 491 294 922 
294 156 905 31 864 969 
405 673 905 329 684 922 
684 405 905 756 673 864 
156 864 905 437 294 684 
864 684 905 756 405 156 
675 320 906 819 768 533 
320 768 906 76 675 459 
768 459 906 76 320 867 
533 675 906 606 320 485 
485 533 906 71 675 867 
867 485 906 46 533 459 
459 867 906 551 768 485 
164 650 907 375 764 792 
650 764 907 794 164 966 
792 164 907 58 650 688 
688 792 907 359 164 966 
10 446 908 672 801 956 
446 801 908 256 10 820 
820 763 908 703 801 956 
801 820 908 819 446 763 
409 96 909 680 196 921 
338 196 909 126 409 932 
196 409 909 96 338 954 
271 197 910 863 385 696 
197 385 910 741 271 626 
626 166 910 360 385 696 
385 626 910 741 197 166 
166 696 910 767 626 271 
696 271 910 44 197 166 
65 475 911 29 225 500 
475 225 911 496 65 689 
500 65 911 668 475 751 
225 689 911 496 475 83 
689 83 911 351 225 751 
83 751 911 193 689 500 
751 500 911 388 65 83 
46 336 912 867 60 930 
336 60 912 838 46 212 
60 212 912 877 336 930 
504 614 913 842 536 850 
614 536 913 254 504 850 
536 850 913 112 614 504 
850 504 913 563 614 536 
472 531 914 489 501 941 
531 501 914 479 472 816 
501 816 914 618 531 485 
816 485 914 71 501 941 
80 22 915 610 683 221 
683 80 915 191 22 463 
22 221 915 473 80 886 
463 683 915 191 80 886 
886 463 915 272 683 221 
221 886 915 756 22 463 
84 170 916 609 771 933 
170 609 916 120 84 243 
771 84 916 299 170 243 
609 243 916 350 170 771 
243 771 916 467 84 609 
100 72 917 23 187 141 
187 100 917 72 740 987 
72 141 917 766 100 740 
141 740 917 465 72 187 
740 187 917 577 100 141 
59 292 918 784 743 553 
292 743 918 414 59 252 
553 59 918 153 292 878 
878 553 918 859 59 454 
252 454 918 455 878 743 
454 878 918 303 553 252 
743 252 918 180 292 454 
28 86 919 787 397 676 
86 397 919 262 28 222 
397 222 919 889 86 832 
312 765 919 679 676 832 
676 28 919 548 86 765 
765 676 919 154 312 28 
222 832 919 775 397 312 
832 312 919 840 765 222 
361 358 920 713 544 964 
433 544 920 180 361 947 
544 361 920 630 358 433 
307 255 921 356 445 932 
96 445 921 286 307 909 
445 307 921 255 96 948 
909 96 921 409 445 932 
427 428 922 558 394 673 
428 394 922 491 427 905 
673 427 922 432 428 905 
394 905 922 31 428 673 
905 673 922 405 427 394 
147 85 923 237 208 791 
85 208 923 540 147 674 
208 674 923 3 85 249 
674 249 923 274 208 791 
249 791 923 674 147 926 
791 147 923 640 85 249 
321 598 924 335 434 787 
598 434 924 181 321 892 
86 787 924 28 321 855 
787 321 924 33 598 86 
855 86 924 262 787 892 
434 892 924 181 598 855 
892 855 924 499 86 434 
169 298 925 667 515 508 
298 515 925 64 169 137 
508 169 925 222 298 780 
780 508 925 775 169 137 
515 137 925 64 298 780 
137 780 925 840 508 515 
249 693 926 106 786 791 
693 786 926 541 249 640 
786 640 926 237 693 791 
640 791 926 147 786 249 
791 249 926 923 693 640 
199 695 927 425 33 984 
676 154 927 765 33 984 
33 676 927 548 154 695 
695 33 927 654 199 676 
315 89 928 664 836 968 
118 380 928 232 398 968 
380 398 928 416 118 789 
398 789 928 839 380 836 
789 836 928 327 398 315 
836 315 928 220 89 789 
601 412 929 190 642 828 
642 601 929 346 412 216 
216 642 929 346 601 950 
412 828 929 19 601 950 
144 555 930 485 46 943 
370 574 930 333 212 943 
212 370 930 333 574 912 
912 212 930 60 370 46 
555 46 930 485 144 912 
46 912 930 336 212 555 
518 482 931 31 882 939 
482 882 931 558 518 668 
882 668 931 355 482 939 
178 338 932 41 909 301 
338 909 932 196 178 921 
255 301 932 691 921 178 
921 255 932 307 301 909 
301 178 932 549 338 255 
909 921 932 96 338 255 
87 170 933 120 84 229 
170 84 933 916 87 521 
84 521 933 299 170 229 
229 87 933 170 521 947 
521 229 933 899 84 87 
571 290 934 706 891 891 
290 891 934 486 571 571 
891 571 934 638 290 290 
56 359 935 858 506 688 
175 506 935 81 56 328 
506 56 935 662 359 175 
328 175 935 510 506 688 
688 328 935 591 175 359 
359 688 935 792 56 328 
48 661 936 430 619 857 
661 619 936 313 48 857 
619 857 936 480 661 48 
857 48 936 582 661 619 
549 562 937 301 160 958 
160 549 937 483 562 804 
804 160 937 49 549 302 
302 804 937 444 160 958 
631 638 938 706 284 651 
638 284 938 870 631 974 
133 651 938 894 631 977 
651 631 938 706 638 133 
557 131 939 658 668 518 
668 557 939 500 131 931 
131 518 939 31 557 931 
518 931 939 482 131 668 
931 668 939 882 557 518 
0 387 940 733 488 538 
91 469 940 440 711 -1 
387 488 940 162 0 -1 
469 711 940 324 91 887 
538 0 940 761 387 887 
887 538 940 625 0 711 
711 887 940 725 469 538 
485 144 941 555 813 914 
144 813 941 485 943 943 
793 472 941 914 943 997 
914 485 941 816 144 472 
472 914 941 531 793 485 
25 18 942 520 183 92 
18 183 942 615 25 788 
92 25 942 245 18 805 
183 788 942 604 18 805 
788 805 942 117 183 92 
805 92 942 344 25 788 
574 52 943 333 99 930 
52 99 943 411 574 793 
813 144 943 941 930 941 
99 793 943 657 52 941 
144 930 943 555 813 574 
930 574 943 370 52 144 
793 941 943 472 99 813 
941 813 943 144 144 793 
159 167 944 69 119 202 
167 119 944 42 159 259 
202 159 944 798 167 140 
140 202 944 798 159 259 
259 140 944 276 202 119 
119 259 944 40 167 140 
8 64 945 753 389 248 
389 8 945 265 64 774 
64 248 945 298 8 720 
248 720 945 803 64 774 
720 774 945 803 248 389 
774 389 945 265 8 720 
224 108 946 173 899 299 
108 899 946 163 224 521 
299 224 946 487 108 521 
521 299 946 84 224 899 
899 521 946 229 108 299 
229 15 947 899 87 433 
120 87 947 170 354 229 
354 120 947 75 87 920 
87 229 947 933 15 120 
15 433 947 47 229 920 
433 920 947 544 15 354 
920 354 947 120 433 964 
232 307 948 356 380 445 
380 232 948 118 307 416 
62 416 948 814 380 445 
416 380 948 398 232 62 
307 445 948 921 232 62 
445 62 948 377 416 307 
195 450 949 724 830 868 
830 195 949 782 450 655 
20 655 949 280 830 868 
655 830 949 195 20 988 
450 868 949 724 195 20 
868 20 949 146 655 450 
191 216 950 585 760 929 
760 191 950 649 216 828 
828 760 950 19 191 929 
216 929 950 642 191 828 
929 828 950 412 760 216 
203 595 951 671 900 998 
595 900 951 682 203 853 
900 853 951 143 595 998 
426 341 952 584 559 690 
408 559 952 132 426 690 
559 426 952 217 341 408 
341 690 952 343 426 408 
690 408 952 559 341 -1 
23 402 953 100 36 528 
402 36 953 610 23 80 
528 23 953 72 402 649 
36 80 953 610 402 649 
80 649 953 191 36 528 
649 528 953 760 23 80 
409 196 954 909 680 976 
605 56 954 858 662 976 
56 662 954 506 605 656 
662 656 954 81 56 680 
680 409 954 96 196 656 
656 680 954 226 662 409 
290 706 955 571 651 773 
651 404 955 495 706 773 
706 651 955 631 290 404 
404 773 955 748 651 290 
773 290 955 486 706 404 
73 419 956 648 431 763 
419 431 956 464 73 980 
460 10 956 908 965 -1 
763 73 956 732 419 908 
10 908 956 446 460 763 
908 763 956 820 73 10 
648 607 957 363 702 776 
702 648 957 419 607 464 
607 776 957 502 648 424 
424 464 957 431 776 702 
776 424 957 339 607 464 
464 702 957 419 648 424 
261 302 958 444 331 937 
331 261 958 429 302 692 
562 114 958 691 692 937 
114 692 958 14 562 331 
692 331 958 545 261 114 
302 937 958 804 261 562 
937 562 958 549 114 302 
50 291 959 799 498 527 
291 498 959 51 50 527 
498 527 959 51 291 50 
527 50 959 541 291 498 
646 270 960 785 476 823 
476 646 960 66 270 754 
754 476 960 566 646 999 
270 823 960 769 646 971 
322 173 961 593 487 387 
173 487 961 224 322 734 
487 734 961 299 173 721 
387 322 961 733 173 721 
721 387 961 162 322 734 
734 721 961 299 487 387 
751 762 962 193 39 658 
762 39 962 624 751 770 
658 751 962 388 762 770 
770 658 962 131 751 39 
39 770 962 294 762 658 
345 82 963 102 736 997 
736 345 963 886 82 893 
893 736 963 585 345 997 
112 75 964 254 354 347 
75 354 964 120 112 920 
347 112 964 194 75 358 
354 920 964 947 75 358 
358 347 964 687 112 920 
920 358 964 361 354 347 
236 10 965 672 460 494 
10 460 965 956 236 406 
494 236 965 168 10 641 
460 406 965 782 10 517 
641 494 965 54 236 517 
406 517 965 460 641 988 
517 641 965 494 406 988 
155 591 966 130 862 688 
862 155 966 260 591 764 
591 688 966 328 155 907 
764 862 966 383 155 907 
688 907 966 792 591 764 
907 764 966 650 862 688 
505 378 967 344 514 523 
378 514 967 117 505 715 
484 523 967 474 505 715 
523 505 967 382 378 484 
514 715 967 448 378 484 
715 484 967 578 523 514 
89 123 968 34 277 928 
123 277 968 127 89 118 
277 118 968 232 123 928 
118 928 968 380 277 89 
928 89 968 315 123 118 
156 294 969 905 287 437 
294 287 969 39 156 970 
437 156 969 864 294 300 
300 437 969 82 156 802 
802 300 969 489 437 970 
287 624 970 39 717 969 
624 717 970 762 287 348 
717 348 970 128 624 802 
348 802 970 479 717 969 
802 969 970 300 348 287 
969 287 970 294 624 802 
823 797 971 522 871 960 
797 871 971 522 823 974 
750 960 971 823 974 999 
960 823 971 270 797 750 
520 176 972 666 709 227 
176 709 972 659 520 902 
227 520 972 377 176 902 
902 227 972 390 520 709 
709 902 972 632 176 227 
29 110 973 355 475 636 
475 29 973 65 110 496 
110 636 973 452 29 496 
496 475 973 225 29 636 
636 496 973 241 110 475 
938 284 974 638 750 977 
284 750 974 870 938 971 
750 971 974 960 284 871 
971 871 974 797 750 977 
602 798 975 159 903 861 
798 903 975 602 861 995 
861 602 975 798 903 982 
903 861 975 471 798 602 
41 74 976 178 126 149 
126 41 976 338 74 196 
74 149 976 483 41 605 
149 605 976 858 74 954 
196 126 976 338 41 954 
605 954 976 56 149 196 
954 196 976 409 126 605 
871 896 977 182 713 974 
896 713 977 358 871 352 
352 133 977 894 938 713 
133 938 977 651 352 974 
713 352 977 61 896 133 
938 974 977 284 133 871 
974 871 977 971 896 938 
311 285 978 360 698 989 
360 311 978 626 285 767 
285 698 978 621 311 767 
698 767 978 326 285 360 
767 360 978 166 311 698 
201 138 979 295 844 901 
844 201 979 597 138 497 
708 497 979 901 844 901 
497 844 979 507 201 708 
138 901 979 817 201 708 
901 708 979 497 497 138 
234 355 980 110 890 -1 
890 234 980 452 355 431 
431 890 980 424 234 956 
956 431 980 419 890 -1 
30 53 981 323 67 447 
53 67 981 384 30 539 
67 539 981 849 53 441 
441 447 981 653 539 30 
539 441 981 849 67 447 
447 30 981 755 53 441 
209 368 982 730 486 602 
115 486 982 314 209 861 
486 209 982 773 368 115 
861 115 982 471 486 602 
368 602 982 746 209 861 
602 861 982 975 115 368 
374 748 983 279 495 246 
748 495 983 404 374 824 
246 374 983 526 748 824 
824 246 983 240 374 495 
495 824 983 806 748 246 
251 199 984 810 288 927 
288 251 984 900 199 705 
154 705 984 679 288 927 
705 288 984 900 251 154 
927 154 984 676 705 199 
199 927 984 695 251 154 
371 289 985 632 420 569 
289 420 985 217 371 569 
420 569 985 421 289 371 
569 371 985 139 289 420 
543 556 986 256 573 895 
375 573 986 58 543 895 
573 543 986 729 556 375 
556 895 986 794 543 375 
895 375 986 650 573 556 
100 187 987 917 215 436 
187 215 987 577 100 577 
436 100 987 98 187 113 
113 436 987 98 100 577 
215 577 987 187 187 113 
577 113 987 462 436 215 
517 406 988 965 782 641 
406 782 988 460 517 830 
782 830 988 195 406 655 
830 655 988 949 782 860 
641 517 988 965 406 841 
841 641 988 54 517 860 
655 860 988 608 830 841 
860 841 988 608 641 655 
285 311 989 978 588 621 
311 588 989 403 285 297 
297 492 989 821 588 621 
588 297 989 687 311 492 
621 285 989 698 311 492 
492 621 989 238 297 285 
116 545 990 456 14 691 
545 14 990 692 116 114 
14 114 990 692 545 691 
114 691 990 562 14 116 
691 116 990 255 545 114 
146 88 991 35 280 535 
280 146 991 20 88 257 
257 280 991 608 146 888 
88 535 991 772 146 443 
535 443 991 510 88 888 
443 888 991 395 535 257 
888 257 991 704 280 443 
90 239 992 594 93 235 
239 93 992 267 90 759 
93 759 992 847 239 847 
192 235 992 881 90 848 
235 90 992 722 239 192 
848 192 992 755 235 809 
759 847 992 93 93 809 
847 809 992 179 759 848 
809 848 992 694 192 847 
413 512 993 664 560 718 
512 560 993 353 413 228 
560 228 993 66 512 718 
228 718 993 66 560 413 
718 413 993 456 512 228 
576 94 994 480 882 79 
94 882 994 313 576 432 
432 79 994 266 882 576 
882 432 994 427 94 79 
79 576 994 480 94 432 
140 599 995 872 798 422 
798 140 995 202 599 903 
903 798 995 975 140 422 
599 422 995 438 140 903 
422 903 995 471 798 599 
273 210 996 578 782 68 
210 782 996 715 273 460 
21 68 996 633 852 273 
852 21 996 513 68 460 
68 273 996 474 210 21 
782 460 996 406 210 852 
460 852 996 513 21 782 
82 300 997 437 472 963 
793 657 997 99 472 893 
300 472 997 489 82 793 
472 793 997 941 657 300 
963 82 997 345 300 893 
657 893 997 616 793 963 
893 963 997 736 82 657 
681 203 998 671 796 951 
796 681 998 671 203 853 
203 951 998 595 681 853 
853 796 998 753 681 951 
951 853 998 900 203 796 
184 476 999 66 566 13 
476 566 999 754 184 754 
750 870 999 284 897 960 
13 184 999 663 476 897 
897 13 999 438 184 870 
566 754 999 476 476 960 
870 897 999 314 750 13 
754 960 999 476 566 750 
960 750 999 971 870 754 
