0 563.585 1.25126
1 808.74 193.304
2 479.873 585.009
3 895.962 350.291
4 746.605 822.84
5 858.943 174.108
6 513.535 710.501
7 14.9846 303.995
8 364.452 91.4029
9 165.899 147.313
10 445.692 988.525
11 4.66933 119.083
12 377.88 8.9114
13 571.184 531.663
14 607.166 601.764
15 663.045 166.234
16 352.123 450.789
17 607.685 57.0391
18 802.606 783.319
19 301.95 519.883
20 726.676 875.973
21 925.718 955.901
22 142.338 539.354
23 235.328 462.081
24 209.601 862.239
25 843.654 779.656
26 999.695 996.796
27 392.438 611.499
28 297.281 266.213
29 23.7434 840.144
30 92.6237 375.866
31 56.2151 677.206
32 918.79 8.78933
33 272.896 275.887
34 691.183 587.909
35 726.493 837.611
36 205.359 484.939
37 468.459 743.736
38 949.156 457.961
39 108.28 744.438
40 385.235 599.048
41 608.966 735.008
42 361.339 572.405
43 225.105 151.555
44 802.881 425.153
45 989.99 517.106
46 345.561 751.549
47 657.308 168.981
48 63.5395 491.897
49 504.807 699.759
50 949.583 147.496
51 905.118 141.575
52 303.049 692.892
53 70.3757 426.557
54 683.187 966.613
55 877.255 153.233
56 582.049 821.68
57 177.892 191.351
58 475.265 817.194
59 503.922 155.553
60 405.591 732.017
61 568.743 279.58
62 755.852 682.241
63 475.295 721.915
64 367.809 123.02
65 35.0963 834.681
66 662.984 517.014
67 104.678 426.221
68 921.384 949.339
69 345.988 549.547
70 374.981 471.725
71 316.874 846.98
72 271.889 456.099
73 297.8 982.971
74 567.278 739.189
75 761.315 195.99
76 397.656 839.442
77 890.164 500.9
78 994.629 27.4667
79 50.5081 572.588
80 194.067 531.327
81 626.759 843.043
82 197.852 657.613
83 123.325 842.158
84 743.126 109.928
85 941.069 314.066
86 336.314 286.081
87 733.085 140.263
88 707.999 834.62
89 747.215 600.238
90 144.475 252.724
91 61.0065 1.61748
92 852.626 806.238
93 115.604 210.578
94 14.2521 553.209
95 454.512 113.773
96 686.148 752.22
97 73.8853 543.443
98 201.941 436.72
99 290.353 696.219
100 232.429 436.689
101 532.579 577.868
102 160.192 628.681
103 963.042 504.135
104 924.802 695.761
105 335.948 189.947
106 995.178 178.35
107 998.016 457.442
108 625.172 97.5066
109 437.727 94.3938
110 48.4329 931.516
111 290.017 894.62
112 769.066 227.302
113 201.971 410.718
114 604.144 628.071
115 466.353 451.613
116 634.724 597.827
117 828.791 854.793
118 720.908 624.775
119 375.134 565.752
120 737.907 184.271
121 905.087 555.132
122 188.94 242.866
123 698.508 604.724
124 351.299 584.613
125 80.3857 494.461
126 612.049 740.745
127 691.122 620.38
128 149.113 804.529
129 867.733 576.037
130 614.704 911.557
131 43.2142 727.683
132 976.531 667.776
133 569.201 315.012
134 173.925 305.826
135 869.045 108.554
136 744.316 851.222
137 326.914 154.881
138 76.6015 79.3481
139 820.002 640.98
140 448.256 545.091
141 298.746 408.979
142 501.206 465.56
143 323.038 152.654
144 313.883 737.999
145 959.075 826.685
146 725.028 873.348
147 943.999 300.058
148 65.7369 127.232
149 524.583 784.967
150 956.114 609.638
151 875.637 72.2678
152 322.123 653.859
153 505.051 104.801
154 290.292 227.088
155 551.164 919.98
156 114.536 662.801
157 379.131 492.538
158 793.359 496.811
159 382.366 509.262
160 532.151 688.162
161 395.184 606.281
162 707.877 5.89007
163 623.066 100.62
164 491.501 863.247
165 496.902 747.337
166 785.363 380.108
167 357.097 552.812
168 630.848 955.718
169 374.248 176.58
170 743.278 131.626
171 611.988 951.72
172 329.844 27.8329
173 639.21 55.9099
174 847.072 131.626
175 596.881 864.315
176 853.969 721.641
177 126.469 14.6794
178 617.145 707.907
179 65.9505 217.566
180 624.104 168.92
181 319.407 340.983
182 661 367.565
183 806.879 802.393
184 611.103 526.536
185 900.601 798.181
186 630.177 144.81
187 253.7 402.417
188 855.19 136.54
189 427.808 66.1641
190 302.286 573.351
191 225.562 548.051
192 110.63 311.35
193 134.709 808.039
194 788.11 284.249
195 789.636 895.23
196 615.223 743.797
197 856.655 361.126
198 863.582 228.492
199 249.55 229.438
200 984.832 542.405
201 81.4234 53.8041
202 426.801 524.674
203 258.797 94.6684
204 232.765 891.537
205 125.095 146.55
206 80.1111 931.639
207 58.7176 47.0901
208 914.701 336.406
209 432.783 398.602
210 837.184 946.165
211 842.097 534.227
212 397.687 693.533
213 4.33363 259.163
214 954.802 525.59
215 241.096 398.694
216 255.135 585.559
217 945.28 684.011
218 890.225 435.499
219 940.977 7.17185
220 786.157 601.55
221 142.43 576.678
222 383.007 222.327
223 417.92 4.27259
224 659.932 82.2474
225 64.8518 855.098
226 662.069 811.06
227 802.698 691.488
228 685.629 530.137
229 689.505 142.766
230 777.734 727.897
231 868.679 31.0678
232 706.565 644.52
233 551.988 85.4518
234 58.7787 947.905
235 145.177 274.972
236 619.984 981.78
237 922.483 292.245
238 694.54 367.534
239 155.919 218.635
240 521.439 240.547
241 106.418 902.28
242 441.725 902.646
243 782.098 80.1111
244 974.395 171.789
245 870.388 775.872
246 456.618 210.639
247 750.633 3.75378
248 404.706 114.048
249 992.615 311.136
250 252.083 38.5754
251 247.688 189.276
252 620.319 153.508
253 939.085 885.372
254 779.656 195.654
255 656.758 645.558
256 455.458 909.146
257 664.174 921.293
258 636.341 150.761
259 422.04 569.536
260 540.574 943.022
261 536.454 578.57
262 396.954 255.287
263 36.6222 350.261
264 196.509 795.251
265 389.416 70.2841
266 70.925 590.747
267 155.889 197.668
268 454.329 644.337
269 697.348 604.297
270 684.469 441.298
271 835.719 396.527
272 199.591 592.212
273 876.003 949.461
274 987.457 391.705
275 895.718 185.308
276 442.061 574.45
277 708.518 627.338
278 285.562 49.6231
279 407.636 260.201
280 710.196 895.321
281 896.054 728.446
282 397.412 393.567
283 308.603 903.867
284 570.574 388.104
285 733.695 353.557
286 736.381 745.354
287 139.317 739.433
288 272.591 200.171
289 911.13 680.441
290 517.655 367.84
291 907.437 109.378
292 517.96 203.07
293 438.52 654.836
294 90.4263 687.643
295 75.7775 79.5618
296 355.083 27.8024
297 697.287 307.23
298 394.848 142.674
299 675.741 67.8426
300 198.706 724.937
301 615.711 694.021
302 543.992 654.897
303 545.366 98.3001
304 974.578 49.6231
305 969.97 464.034
306 530.961 727.866
307 692.801 679.922
308 388.623 372.112
309 809.778 49.9588
310 60.8234 169.561
311 784.478 310.556
312 321.909 212.47
313 9.15555 484.664
314 507.859 439.863
315 758.538 605.945
316 349.803 401.074
317 942.32 842.647
318 997.284 623.31
319 562.853 53.4684
320 386.761 863.552
321 284.219 306.406
322 612.568 26.7037
323 18.6163 391.186
324 455.702 31.0373
325 936.766 857.936
326 727.287 401.898
327 808.374 611.591
328 582.598 875.423
329 79.0124 595.019
330 462.203 793.176
331 589.435 590.625
332 816.065 569.201
333 343.577 672.75
334 267.312 10.2237
335 232.093 341.563
336 371.746 771.02
337 116.855 869.869
338 628.925 725.578
339 183.02 893.948
340 902.005 535.569
341 965.209 780.084
342 901.547 197.363
343 953.398 797.418
344 890.347 848.811
345 185.461 628.712
346 264.992 616.932
347 732.2 250.649
348 170.934 788.11
349 480.941 713.889
350 806.543 81.4844
351 124.638 855.342
352 573.321 307.474
353 762.047 472.976
354 727.775 191.87
355 15.3508 995.025
356 691.641 647.633
357 72.1152 174.139
358 676.626 274.972
359 556.658 838.923
360 779.504 371.227
361 638.234 232.521
362 204.596 231.666
363 281.747 971.038
364 769.219 22.8889
365 46.968 151.83
366 348.582 9.24711
367 343.242 643.88
368 416.517 414.563
369 545.183 90.6705
370 337.992 699.271
371 876.247 657.521
372 570.025 535.478
373 465.773 53.9872
374 426.801 259.987
375 486.587 863.338
376 565.813 87.4355
377 778.466 709.403
378 850.551 864.223
379 864.376 293.008
380 746.849 644.917
381 765.618 828.639
382 908.322 871.914
383 521.958 912.534
384 107.639 440.168
385 823.054 354.015
386 169.836 427.717
387 657.46 0.854518
388 63.7226 773.553
389 385.662 89.816
390 807.611 683.889
391 142.857 154.088
392 346.141 48.4634
393 978.423 18.5553
394 53.6515 647.633
395 637.471 914.151
396 21.0578 431.715
397 391.949 242.592
398 781.884 654.012
399 826.044 22.8278
400 634.266 138.432
401 983.49 550.401
402 214.789 463.424
403 782.159 300.699
404 480.605 342.54
405 102.512 608.02
406 755.821 984.436
407 456.404 150.884
408 998.749 711.631
409 641.652 775.506
410 946.104 621.204
411 289.804 688.162
412 290.384 567.156
413 712.363 548.234
414 546.678 246.437
415 952.055 492.63
416 765.16 669.82
417 445.753 623.371
418 745.537 798.761
419 204.627 988.922
420 909.818 629.475
421 918.393 591.296
422 489.395 505.539
423 889.34 449.721
424 182.928 940.397
425 203.009 251.961
426 941.13 730.491
427 41.3526 625.08
428 34.5164 641.346
429 544.481 556.352
430 61.3727 446.333
431 127.75 996.033
432 50.3555 600.909
433 660.237 172.796
434 315.958 332.438
435 410.535 653.584
436 221.625 427.503
437 166.448 678.518
438 507.645 497.543
439 435.072 802.728
440 339.488 4.51674
441 128.574 375.896
442 733.299 827.326
443 643.33 891.14
444 514.481 650.594
445 737.175 733.97
446 465.835 957.091
447 112.186 363.262
448 821.223 904.66
449 108.676 454.787
450 761.376 869.442
451 416.669 39.1247
452 67.7511 936.125
453 211.28 164.861
454 591.113 116.916
455 618.275 118.351
456 690.298 580.096
457 915.647 731.559
458 298.502 669.729
459 378.185 808.863
460 772.515 997.497
461 170.568 204.413
462 181.219 388.257
463 195.624 580.981
464 190.252 960.143
465 303.995 381.726
466 198.157 120.823
467 771.172 46.2355
468 881.039 761.04
469 448.622 1.77007
470 801.538 426.374
471 494.858 461.348
472 238.502 749.382
473 92.7458 559.404
474 893.826 922.025
475 59.6332 857.021
476 632.038 490.89
477 756.066 747.215
478 909.909 255.745
479 199.622 791.986
480 51.2406 552.843
481 790.368 522.172
482 24.0486 704.154
483 553.362 731.742
484 875.546 914.212
485 305.429 796.93
486 481.887 394.94
487 651.967 52.5834
488 768.578 0.854518
489 219.733 756.188
490 57.5274 154.759
491 32.6853 670.614
492 697.867 345.866
493 436.262 798.151
494 635.548 981.719
495 476.974 295.297
496 79.2871 874.355
497 143.223 100.986
498 917.997 143.01
499 373.821 308.725
500 46.6323 813.837
501 239.998 814.203
502 256.508 897.885
503 208.014 269.356
504 846.156 229.377
505 887.692 874.844
506 609.272 844.783
507 173.528 40.8948
508 355.907 183.752
509 185.064 449.263
510 623.035 894.467
511 911.679 546.342
512 730.644 522.599
513 969.329 999.329
514 840.205 867.428
515 374.401 146.672
516 170.965 284.371
517 741.813 973.754
518 30.8847 716.605
519 812.708 645.039
520 818.171 735.923
521 718.894 124.638
522 649.831 375.072
523 889.676 915.433
524 773.492 32.1665
525 7.56859 448.866
526 418.47 228.614
527 919.034 156.59
528 242.866 501.694
529 906.522 754.479
530 32.1055 213.477
531 228.248 771.172
532 806.391 556.597
533 331.614 852.016
534 991.791 538.926
535 646.87 869.35
536 812.799 227.729
537 366.894 371.044
538 561.296 34.9742
539 119.785 397.87
540 899.014 324.931
541 940.184 201.483
542 849.33 125.065
543 445.57 893.948
544 634.754 222.114
545 624.042 560.076
546 16.48 423.658
547 139.622 864.132
548 291.971 267.403
549 561.449 681.661
550 607.227 958.831
551 422.712 788.232
552 739.464 818.384
553 516.526 135.777
554 6.98874 20.0812
555 333.872 748.314
556 462.264 902.127
557 50.5081 767.907
558 24.1707 630.97
559 969.085 682.424
560 706.381 500.443
561 822.352 265.938
562 597.217 646.626
563 844.234 263.619
564 748.161 460.067
565 14.4963 351.604
566 626.484 476.547
567 383.618 403.882
568 288.827 27.6193
569 883.877 596.851
570 931.547 432.173
571 533.128 382.977
572 974.242 10.0711
573 437.422 865.2
574 332.957 699.637
575 498.55 602.344
576 39.0027 559.618
577 233.039 378.216
578 859.523 937.346
579 608.814 964.11
580 76.4489 583.972
581 305.307 407.025
582 80.05 498.581
583 304.27 874.783
584 932.89 781.518
585 216.224 588.427
586 560.717 279.305
587 250.069 874.416
588 727.134 301.401
589 231.086 866.604
590 446.791 190.71
591 574.328 890.347
592 995.239 28.779
593 619.19 59.2364
594 169.836 256.935
595 231.483 116.123
596 959.807 494.888
597 79.6228 49.2874
598 279.733 337.657
599 490.555 515.549
600 924.711 412.275
601 292.154 601.062
602 401.654 475.753
603 548.357 951.323
604 794.427 834.925
605 592.853 801.66
606 318.064 870.083
607 267.922 939.177
608 718.772 943.327
609 774.896 127.628
610 175.909 472.884
611 41.6272 26.6732
612 862.3 454.787
613 14.4658 136.113
614 818.537 212.775
615 779.656 797.204
616 298.746 658.498
617 921.506 781.426
618 242.622 842.128
619 23.011 498.764
620 30.8847 75.7164
621 715.323 356.212
622 180.425 409.803
623 182.104 297.922
624 134.739 744.896
625 525.62 58.2293
626 806.726 358.867
627 899.869 158.818
628 29.2367 131.809
629 818.079 181.433
630 570.696 249.214
631 539.933 346.904
632 870.754 664.907
633 945.28 932.524
634 153.233 105.197
635 800.256 557.97
636 72.512 895.138
637 822.413 872.311
638 548.784 388.287
639 450.941 671.957
640 949.461 281.381
641 728.05 982.147
642 272.378 594.806
643 197.943 131.962
644 487.35 600.513
645 229.926 355.327
646 691.794 478.439
647 671.133 948.149
648 237.526 982.574
649 235.817 513.565
650 484.359 898.038
651 537.492 326.456
652 336.528 570.788
653 169.225 348.155
654 219.275 290.17
655 739.677 922.819
656 650.441 807.001
657 270.089 686.697
658 64.4246 766.869
659 859.066 721.763
660 44.3739 341.563
661 20.7831 484.298
662 618.519 838.191
663 604.053 540.574
664 777.367 568.682
665 696.738 640.034
666 868.007 759.941
667 423.505 157.994
668 21.424 786.462
669 42.1461 438.368
670 269.265 506.302
671 244.85 68.2699
672 506.455 982.055
673 71.0166 615.528
674 955.535 367.504
675 337.474 860.073
676 289.529 241.89
677 992.706 50.9659
678 68.9108 172.46
679 300.913 220.13
680 649.617 786.859
681 262.764 83.6818
682 217.536 136.479
683 178.259 562.578
684 106.906 632.282
685 758.843 453.719
686 57.4053 333.811
687 694.296 282.51
688 567.583 873.257
689 81.2098 868.496
690 999.664 795.404
691 618.854 634.999
692 593.127 594.775
693 978.881 194.25
694 42.2987 231.513
695 255.135 239.051
696 794.946 406.812
697 900.052 272.469
698 727.561 379.437
699 52.9496 206.488
700 353.984 604.572
701 668.111 361.248
702 223.64 976.043
703 346.965 895.779
704 665.12 953.52
705 282.357 201.666
706 531.999 355.449
707 219.977 290.994
708 106.723 99.6124
709 843.806 709.342
710 819.147 671.865
711 491.348 5.768
712 935.331 604.633
713 605.823 290.628
714 873.836 746.91
715 830.103 912.229
716 304.88 605.914
717 150.121 784.234
718 689.047 542.619
719 993.194 394.635
720 411.603 101.932
721 687.429 27.4361
722 169.012 258.889
723 189.001 228.645
724 763.298 862.209
725 483.23 47.6089
726 961.241 56.1541
727 565.477 84.994
728 573.901 962.554
729 408.704 878.658
730 413.495 403.15
731 823.359 658.528
732 283.12 945.189
733 616.26 2.22785
734 656.056 49.44
735 954.497 421.949
736 200.873 603.961
737 340.556 414.38
738 808.405 623.127
739 105.258 4.85244
740 276.864 394.421
741 824.244 316.782
742 311.533 853.511
743 564.684 197.668
744 995.117 469.069
745 368.48 433.241
746 384.869 418.775
747 877.743 580.432
748 393.384 337.413
749 509.14 951.048
750 608.295 418.592
751 83.6512 776.757
752 207.923 151.189
753 317.27 87.344
754 629.139 471.816
755 79.3176 332.774
756 142.827 614.521
757 824.976 280.709
758 994.415 439.07
759 107.334 220.954
760 264.595 518.998
761 576.25 7.35496
762 107.517 770.562
763 369.427 969.207
764 521.714 903.989
765 302.622 222.663
766 310.617 478.469
767 764.733 414.411
768 389.111 841.609
769 724.174 427.473
770 91.4029 734.916
771 753.075 81.7286
772 637.806 846.98
773 475.021 359.63
774 415.296 94.3938
775 343.12 188.36
776 229.316 913.388
777 154.271 310.312
778 182.287 341.533
779 205.939 272.286
780 335.276 172.46
781 501.907 65.4317
782 809.259 963.683
783 912.992 446.455
784 481.918 179.266
785 699.24 472.091
786 936.705 248.604
787 299.539 277.444
788 819.636 822.443
789 795.068 629.902
790 260.964 7.20237
791 952.971 289.529
792 517.441 859.462
793 256.172 707.511
794 491.256 921.049
795 825.983 93.5392
796 282.632 76.693
797 643.269 383.862
798 431.532 515.091
799 974.975 140.721
800 5.18815 74.6178
801 411.664 914.792
802 187.658 755.333
803 423.139 101.718
804 527.421 677.938
805 837.184 824.213
806 499.496 271.493
807 148.991 870.449
808 538.377 970.794
809 66.744 220.679
810 197.729 204.627
811 199.53 192.908
812 593.493 956.786
813 294.382 738.792
814 786.126 679.83
815 928.434 921.323
816 258.98 844.325
817 61.8915 105.441
818 148.32 903.775
819 359.416 892.758
820 381.573 956.694
821 684.561 331.462
822 380.108 887.539
823 674.642 433.271
824 482.833 267.098
825 802.057 527.848
826 746.33 794.122
827 827.784 486.679
828 278.787 559.038
829 54.1398 347.179
830 762.902 911.252
831 282.388 368.48
832 324.564 211.249
833 881.619 50.1419
834 403.821 248.817
835 875.271 144.871
836 783.654 608.112
837 451.704 196.844
838 433.332 761.773
839 804.559 636.464
840 322.672 174.444
841 709.403 963.195
842 862.88 197.546
843 743.217 47.3037
844 130.833 36.0424
845 552.69 82.3695
846 533.006 568.957
847 77.1813 218.879
848 64.4551 304.605
849 133.702 411.267
850 820.643 251.686
851 268.715 508.774
852 916.532 987.945
853 284.432 121.738
854 470.931 706.961
855 344.646 294.748
856 811.121 525.102
857 67.3238 517.228
858 554.399 829.218
859 509.568 103.641
860 723.106 946.684
861 451.308 473.922
862 548.845 918.882
863 884.365 365.276
864 122.532 659.719
865 112.43 507.401
866 546.464 279.794
867 369.182 791.284
868 744.346 858.119
869 359.661 463.851
870 585.925 442.091
871 632.038 379.04
872 482.589 557.604
873 185.705 836.665
874 109.256 9.70489
875 221.778 40.6201
876 410.291 255.959
877 442.732 707.602
878 544.053 133.061
879 806.635 856.777
880 923.826 218.268
881 143.223 313.364
882 10.2847 606.861
883 537.248 955.565
884 12.3905 386.883
885 885.708 237.068
886 152.593 592.456
887 535.203 16.541
888 652.73 916.715
889 405.56 224.464
890 97.0794 965.819
891 506.119 399.579
892 328.41 335.307
893 250.771 625.416
894 533.525 289.956
895 478.072 898.679
896 674.581 328.166
897 582.751 460.341
898 922.3 412.763
899 664.724 120.975
900 247.383 148.686
901 102.023 111.576
902 826.441 689.505
903 453.749 490.738
904 418.5 653.432
905 99.2157 639.912
906 368.633 830.592
907 520.035 877.956
908 394.696 962.279
909 630.604 725.7
910 813.41 374.126
911 63.9363 852.565
912 362.377 743.583
913 818.964 235.603
914 273.934 783.715
915 174.718 563.219
916 757.103 124.241
917 279.427 413.8
918 544.206 170.965
919 318.613 241.249
920 658.04 225.074
921 670.247 698.416
922 56.032 643.33
923 952.239 329.508
924 307.627 320.688
925 368.542 162.969
926 961.119 276.437
927 260.811 236.213
928 756.035 624.836
929 271.004 582.812
930 337.901 712.149
931 21.5766 714.133
932 630.695 700.552
933 719.871 126.377
934 523.942 380.902
935 591.937 864.132
936 30.7932 495.163
937 553.484 671.773
938 572.588 349.59
939 22.6447 764.275
940 546.953 0.640889
941 282.235 748.07
942 835.231 794.031
943 296.457 723.807
944 405.591 538.652
945 389.386 101.779
946 668.203 96.7132
947 690.939 161.84
948 738.517 670.766
949 756.584 888.241
950 264.931 569.506
951 267.129 111.454
952 977.477 733.451
953 214.911 487.899
954 612.903 801.202
955 482.62 348.521
956 373.669 998.505
957 220.618 947.996
958 575.701 630.268
959 929.899 145.543
960 642.323 457.93
961 655.751 48.6465
962 99.9786 742.393
963 199.591 650.746
964 732.139 234.352
965 754.112 994.537
966 547.655 893.307
967 868.862 891.781
968 719.901 615.955
969 151.921 731.071
970 152.776 756.218
971 614.49 404.736
972 829.981 716.788
973 63.7226 886.044
974 603.626 394.757
975 451.369 488.083
976 578.784 761.803
977 583.056 335.734
978 749.748 360.332
979 95.645 81.4539
980 44.4655 997.07
981 108.188 396.68
982 433.912 414.96
983 453.017 269.723
984 261.33 224.982
985 893.094 641.743
986 449.324 878.964
987 232.063 411.695
988 739.372 964.415
989 723.044 341.716
990 621.448 603.381
991 682.485 894.223
992 108.798 235.633
993 715.506 531.663
994 15.1067 567.949
995 458.449 510.91
996 889.645 970.855
997 245.827 702.384
998 266.671 103.549
999 606.769 466.292

23 72 100
42 40 119
89 34 123
40 42 124
34 116 127
137 64 143
35 88 146
95 59 153
19 69 159
157 19 159
49 6 160
40 27 161
108 17 163
63 37 165
42 119 167
159 69 167
87 120 170
74 41 178
5 55 188
174 5 188
69 19 190
83 128 193
45 103 214
200 45 214
173 108 224
88 96 226
85 147 237
25 92 245
92 185 245
107 106 249
75 112 254
127 116 255
47 15 258
180 47 258
186 252 258
252 180 258
119 40 259
40 161 259
93 239 267
123 34 269
34 127 269
127 123 269
55 5 275
140 259 276
259 161 276
123 127 277
232 118 277
20 146 280
104 217 289
281 104 289
151 135 291
246 240 292
31 131 294
39 287 294
138 201 295
201 207 295
265 12 296
248 64 298
160 6 306
6 165 306
165 149 306
282 209 308
151 231 309
53 30 323
253 145 325
145 317 325
165 37 330
58 149 330
149 165 330
129 211 332
327 129 332
220 327 332
41 126 338
126 196 338
178 41 338
204 24 339
77 211 340
129 121 340
211 129 340
185 317 343
317 145 343
185 92 344
317 185 344
325 317 344
102 82 345
194 112 347
6 49 349
63 165 349
165 6 349
309 243 350
75 120 354
110 29 355
234 110 355
127 255 356
255 307 356
307 232 356
205 148 357
93 205 357
172 296 366
296 12 366
152 333 367
303 233 369
212 333 370
109 95 373
189 109 373
324 189 373
164 58 375
163 17 376
233 303 376
118 232 380
4 136 381
253 325 382
325 344 382
67 53 384
265 8 389
57 9 391
267 57 391
205 93 391
93 267 391
172 278 392
296 172 392
8 265 392
265 296 392
304 78 393
130 171 395
171 168 395
86 262 397
231 32 399
309 231 399
186 258 400
200 214 401
150 318 401
23 100 402
100 98 402
311 194 403
59 95 407
107 318 408
318 132 408
217 132 410
132 318 410
318 150 410
99 52 411
190 19 412
292 240 414
214 103 415
305 38 415
77 340 415
340 214 415
398 380 416
2 276 417
276 161 417
161 27 417
293 268 417
96 88 418
4 381 418
289 217 420
217 410 420
362 122 425
199 362 425
217 104 426
261 331 429
331 372 429
372 13 429
48 125 430
384 53 430
266 79 432
15 47 433
47 180 433
27 367 435
333 212 435
367 333 435
98 100 436
113 98 436
82 102 437
300 82 437
142 422 438
429 13 438
58 330 439
12 223 440
366 12 440
172 366 440
35 136 442
136 4 442
88 35 442
302 261 444
96 286 445
377 62 445
230 377 445
386 384 449
384 430 449
430 125 449
265 189 451
223 12 451
12 265 451
189 324 451
324 223 451
110 234 452
9 57 453
251 43 453
163 376 454
376 303 454
252 186 455
454 252 455
186 400 455
163 454 455
116 34 456
34 89 456
89 413 456
104 281 457
426 104 457
52 333 458
333 152 458
411 52 458
57 267 461
267 239 461
424 431 464
431 419 464
243 309 467
245 185 468
223 324 469
91 440 469
440 223 469
353 158 470
142 314 471
314 115 471
422 142 471
221 22 473
405 221 473
273 68 474
65 29 475
184 66 476
18 230 477
230 445 477
445 286 477
348 264 479
79 97 480
158 353 481
160 306 483
149 74 483
306 149 483
273 474 484
115 314 486
173 224 487
224 299 487
32 219 488
162 247 488
387 162 488
399 32 488
247 364 488
364 399 488
472 300 489
357 148 490
148 365 490
365 310 490
31 394 491
394 428 491
482 31 491
439 330 493
168 236 494
241 337 496
225 475 496
291 51 498
279 262 499
479 264 501
344 378 505
382 344 505
175 81 506
222 169 508
98 386 509
402 98 509
175 328 510
328 130 510
130 395 510
395 443 510
214 340 511
340 121 511
121 421 511
401 214 511
421 401 511
481 353 512
378 117 514
64 137 515
298 64 515
131 31 518
31 482 518
18 25 520
230 18 520
227 377 520
377 230 520
84 299 521
382 505 523
484 474 523
309 399 524
399 364 524
467 309 524
374 246 526
275 342 527
498 51 527
72 23 528
426 457 529
468 185 529
457 281 529
310 365 530
472 489 531
489 479 531
479 501 531
332 211 532
485 71 533
318 107 534
45 200 534
200 401 534
401 318 534
81 175 535
175 510 535
510 443 535
254 112 536
181 465 537
465 316 537
319 17 538
17 322 538
208 85 540
85 237 540
197 3 540
379 197 540
3 208 540
244 50 541
50 527 541
527 342 541
174 188 542
188 135 542
242 256 543
433 180 544
66 184 545
116 456 545
525 396 546
83 351 547
351 337 547
74 178 549
178 301 549
483 74 549
160 483 549
76 439 551
459 76 551
439 493 551
4 418 552
442 4 552
418 88 552
88 442 552
153 59 553
144 485 555
485 46 555
543 256 556
500 388 557
428 427 558
482 491 558
491 428 558
132 217 559
408 132 559
217 426 559
66 228 560
512 353 560
549 301 562
198 504 563
560 353 564
7 213 565
282 308 567
308 537 567
537 316 567
250 278 568
334 250 568
278 172 568
172 440 568
440 334 568
129 327 569
327 139 569
139 371 569
420 421 569
393 78 572
219 393 572
58 439 573
439 76 573
375 58 573
333 52 574
370 333 574
101 2 575
261 101 575
444 261 575
79 480 576
480 94 576
215 187 577
462 113 577
210 273 578
273 484 578
168 171 579
171 550 579
236 168 579
97 79 580
473 97 580
79 266 580
266 329 580
329 405 580
405 473 580
316 465 581
465 141 581
125 48 582
111 283 583
185 343 584
343 341 584
341 426 584
426 529 584
216 191 585
191 463 585
463 272 585
352 61 586
204 502 587
502 111 587
111 583 587
311 403 588
194 347 588
403 194 588
24 204 589
204 587 589
155 130 591
130 328 591
78 304 592
17 108 593
108 173 593
173 322 593
322 17 593
239 90 594
425 122 594
305 415 596
415 103 596
91 207 597
207 201 597
321 335 598
181 434 598
429 438 599
438 422 599
190 412 601
70 157 602
157 159 602
155 260 603
583 283 606
111 502 607
280 257 608
120 75 609
170 120 609
75 254 609
350 243 609
22 80 610
80 36 610
36 402 610
402 509 610
386 449 610
509 386 610
207 91 611
91 554 611
77 423 612
218 271 612
423 218 612
271 44 612
11 213 613
213 530 613
530 365 613
1 254 614
254 536 614
183 18 615
418 381 615
18 477 615
381 604 615
604 183 615
458 152 616
529 185 617
185 584 617
584 529 617
24 589 618
589 587 618
313 94 619
94 480 619
295 207 620
207 611 620
611 554 620
492 238 621
98 113 622
386 98 622
113 462 622
516 134 623
287 39 624
319 538 625
360 166 626
311 360 626
51 55 627
527 51 627
55 275 627
275 527 627
11 613 628
365 148 628
613 365 628
620 11 628
5 174 629
174 609 629
254 1 629
609 254 629
1 614 629
361 544 630
414 586 630
586 61 630
289 371 632
371 139 632
68 21 633
21 513 633
513 26 633
205 391 634
497 205 634
391 9 634
9 466 634
466 507 634
507 497 634
332 532 635
110 452 636
452 206 636
206 241 636
241 496 636
195 448 637
448 514 637
514 117 637
268 293 639
49 444 639
444 268 639
237 147 640
54 494 641
216 346 642
346 601 642
466 9 643
2 417 644
575 2 644
417 268 644
268 444 644
444 575 644
462 577 645
598 335 645
476 66 646
66 560 646
608 257 647
73 363 648
419 73 648
363 607 648
80 191 649
164 375 650
495 404 651
124 42 652
42 167 652
167 69 652
69 190 652
447 441 653
441 462 653
20 280 655
280 608 655
99 411 657
411 458 657
458 616 657
131 557 658
557 388 658
281 289 659
289 632 659
7 565 660
565 263 660
525 313 661
48 430 661
313 619 661
56 506 662
506 81 662
81 656 662
184 13 663
13 372 663
545 184 663
372 331 663
331 545 663
89 315 664
315 220 664
413 89 664
512 413 664
481 512 664
635 481 664
220 332 664
332 635 664
232 277 665
356 232 665
277 127 665
127 356 665
25 245 666
245 468 666
176 520 666
520 25 666
407 95 667
248 298 667
298 169 667
590 407 667
355 29 668
29 65 668
65 500 668
500 557 668
430 53 669
396 525 669
53 323 669
323 546 669
546 396 669
525 661 669
661 430 669
72 528 670
278 250 671
595 203 671
466 595 671
10 236 672
446 10 672
405 329 673
329 266 673
266 432 673
432 427 673
274 249 674
208 3 674
3 600 674
533 606 675
548 28 676
33 548 676
106 592 677
592 304 677
357 490 678
490 310 678
226 96 680
96 409 680
656 226 680
671 203 681
595 466 682
466 643 682
191 80 683
463 191 683
353 470 685
564 353 685
7 660 686
347 358 687
588 347 687
358 297 687
297 588 687
591 328 688
337 351 689
351 83 689
225 496 689
496 337 689
145 253 690
341 343 690
343 145 690
253 633 690
633 26 690
255 116 691
114 562 691
301 255 691
562 301 691
114 14 692
14 545 692
545 331 692
106 244 693
244 541 693
249 106 693
530 213 694
199 425 695
425 503 695
503 654 695
654 33 695
44 271 696
470 44 696
237 478 697
379 540 697
540 237 697
563 379 697
238 326 698
621 238 698
285 621 698
310 530 699
678 310 699
179 357 699
357 678 699
530 694 699
694 179 699
27 40 700
367 27 700
40 124 700
182 238 701
238 492 701
464 419 702
419 648 702
606 283 703
675 606 703
647 257 704
168 494 704
494 54 704
54 647 704
154 679 705
679 312 705
290 571 706
571 638 706
638 631 706
631 651 706
321 33 707
33 654 707
335 321 707
654 623 707
176 659 709
659 632 709
519 398 710
469 324 711
150 401 712
401 421 712
410 150 712
420 410 712
421 420 712
61 352 713
358 361 713
361 630 713
630 61 713
468 529 714
529 281 714
659 176 714
176 666 714
666 468 714
281 659 714
514 448 715
210 578 715
578 484 715
152 367 716
616 152 716
601 346 716
346 616 716
190 601 716
652 190 716
367 700 716
124 652 716
700 124 716
193 128 717
128 348 717
456 413 718
228 66 718
66 545 718
545 456 718
107 249 719
249 274 719
162 387 721
90 235 722
594 90 722
235 516 722
461 239 723
122 362 723
239 594 723
594 122 723
381 136 724
450 195 724
604 381 724
324 373 725
711 324 725
219 32 726
304 393 726
393 219 726
677 304 726
17 319 727
376 17 727
233 376 727
155 603 728
236 579 728
76 320 729
573 76 729
242 543 729
543 573 729
209 282 730
368 209 730
282 567 730
139 519 731
519 710 731
632 139 731
363 73 732
283 111 732
111 607 732
607 363 732
322 387 733
387 0 733
487 299 734
299 721 734
38 305 735
570 38 735
600 570 735
274 674 735
674 600 735
719 274 735
585 272 736
316 581 737
581 16 737
139 327 738
91 597 739
141 465 740
577 187 740
197 379 741
385 197 741
194 311 741
311 626 741
626 385 741
533 71 742
606 533 742
583 606 742
180 252 743
292 414 743
414 630 743
544 180 743
630 544 743
107 305 744
45 534 744
534 107 744
103 45 744
596 103 744
305 596 744
70 602 745
737 16 745
316 737 745
368 730 746
730 567 746
602 368 746
745 602 746
567 316 746
316 745 746
121 129 747
129 569 747
421 121 747
569 421 747
308 209 748
374 279 748
279 499 748
404 495 748
537 308 748
260 383 749
446 672 749
83 193 751
388 500 751
658 388 751
9 453 752
643 9 752
453 43 752
43 682 752
682 643 752
64 8 753
143 64 753
8 392 753
392 278 753
566 476 754
30 447 755
447 192 755
221 405 756
405 684 756
379 563 757
563 561 757
561 194 757
194 741 757
741 379 757
305 107 758
735 305 758
107 719 758
719 735 758
649 191 760
528 649 760
0 538 761
538 322 761
322 733 761
733 0 761
624 39 762
717 624 762
193 717 762
751 193 762
703 283 763
283 732 763
732 73 763
154 676 765
679 154 765
312 679 765
141 72 766
19 157 766
16 581 766
581 141 766
72 670 766
670 19 766
166 360 767
696 166 767
685 470 767
470 696 767
698 326 767
320 76 768
76 459 768
564 685 769
685 767 769
767 326 769
39 294 770
294 131 770
131 658 770
243 467 771
299 84 771
88 226 772
535 88 772
81 535 772
226 656 772
656 81 772
486 290 773
209 486 773
404 748 773
748 209 773
109 189 774
189 265 774
265 389 774
222 508 775
204 339 776
339 424 776
502 204 776
607 502 776
134 516 777
516 235 777
623 134 778
645 335 778
462 645 778
653 462 778
335 707 778
707 623 778
134 777 778
777 653 778
503 425 779
425 594 779
516 623 779
623 654 779
654 503 779
722 516 779
594 722 779
105 775 780
775 508 780
95 153 781
373 95 781
725 373 781
625 725 781
448 195 782
406 460 782
210 715 782
715 448 782
77 415 783
415 38 783
423 77 783
218 423 783
38 570 783
246 292 784
292 59 784
59 407 784
407 590 784
560 564 785
646 560 785
270 646 785
769 270 785
564 769 785
478 237 786
237 640 786
693 541 786
86 28 787
33 321 787
548 33 787
28 548 787
183 604 788
738 327 789
250 334 790
177 507 790
739 177 790
334 440 790
440 91 790
91 739 790
640 147 791
149 58 792
58 164 792
688 359 792
99 657 793
256 446 794
556 256 794
749 383 794
446 749 794
383 764 794
764 650 794
135 151 795
151 309 795
309 350 795
542 135 795
174 542 795
350 609 795
609 174 795
278 671 796
671 681 796
753 278 796
202 140 798
159 202 798
602 159 798
50 244 799
244 106 799
106 677 799
291 50 799
726 291 799
677 726 799
11 620 800
620 554 800
256 242 801
446 256 801
242 729 801
489 300 802
348 479 802
479 489 802
248 667 803
667 95 803
95 109 803
720 248 803
109 774 803
774 720 803
49 160 804
444 49 804
302 444 804
117 378 805
344 92 805
378 344 805
788 117 805
547 337 807
728 603 808
672 236 808
236 728 808
749 672 808
179 694 809
199 251 810
362 199 810
723 362 810
57 461 810
461 723 810
453 57 811
57 810 811
251 453 811
810 251 811
130 155 812
155 728 812
171 130 812
550 171 812
579 550 812
728 579 812
227 390 814
62 377 814
416 62 814
377 227 814
398 416 814
390 710 814
710 398 814
253 382 815
382 523 815
523 474 815
633 253 815
474 68 815
68 633 815
501 618 816
71 485 816
742 71 816
587 583 816
583 742 816
618 587 816
295 620 817
620 628 817
628 148 817
138 295 817
424 339 818
337 241 818
807 337 818
339 807 818
320 675 819
675 703 819
703 763 820
819 703 820
801 819 820
492 297 821
701 492 821
729 320 822
320 819 822
801 729 822
819 801 822
238 182 823
326 238 823
270 769 823
769 326 823
182 522 823
522 797 823
240 246 824
806 240 824
495 806 824
481 635 825
635 532 825
286 96 826
96 418 826
477 286 826
418 615 826
615 477 826
211 77 827
77 612 827
470 158 827
44 470 827
612 44 827
412 19 828
19 760 828
263 323 829
323 30 829
660 263 829
686 660 829
30 755 829
755 686 829
782 195 830
465 181 831
181 598 831
598 645 831
645 577 831
740 465 831
577 740 831
775 105 832
222 775 832
32 231 833
231 151 833
726 32 833
151 291 833
291 726 833
262 279 834
397 262 834
55 51 835
135 188 835
188 55 835
51 291 835
291 135 835
220 315 836
327 220 836
789 327 836
526 246 837
590 526 837
246 784 837
784 590 837
330 37 838
493 330 838
551 493 838
60 336 838
336 551 838
519 139 839
139 738 839
398 519 839
789 398 839
738 789 839
705 312 840
137 143 840
780 137 840
143 705 840
105 780 840
312 832 840
832 105 840
54 641 841
608 647 841
647 54 841
275 5 842
198 342 842
342 275 842
504 198 842
614 504 842
5 629 842
629 614 842
247 162 843
364 247 843
467 524 843
524 364 843
162 721 843
771 467 843
721 299 843
299 771 843
497 507 844
507 177 844
597 201 844
319 625 845
369 233 845
625 369 845
233 727 845
727 319 845
101 261 846
261 429 846
429 599 846
93 357 847
759 93 847
357 179 847
179 809 847
213 7 848
694 213 848
7 686 848
755 192 848
686 755 848
809 694 848
67 384 849
384 386 849
539 67 849
462 441 849
441 539 849
622 462 849
386 622 849
112 194 850
536 112 850
194 561 850
561 563 850
563 504 850
19 670 851
760 19 851
670 528 851
528 760 851
513 21 852
460 513 852
143 753 853
753 796 853
349 49 854
49 639 854
63 349 854
262 86 855
499 262 855
158 481 856
481 825 856
532 211 856
825 532 856
827 158 856
211 827 856
480 97 857
582 48 857
619 480 857
359 56 858
56 605 858
605 149 858
149 792 858
792 359 858
303 369 859
153 553 859
781 153 859
369 625 859
625 781 859
655 608 860
608 841 860
471 115 861
260 155 862
383 260 862
764 383 862
197 271 863
271 218 863
3 197 863
600 3 863
156 437 864
437 102 864
102 756 864
756 684 864
449 125 865
125 582 865
97 473 865
473 22 865
22 610 865
610 449 865
582 857 865
857 97 865
352 586 866
414 240 866
586 414 866
336 46 867
46 485 867
459 551 867
551 336 867
146 20 868
136 35 868
35 146 868
450 724 868
724 136 868
70 745 869
745 16 869
16 766 869
157 70 869
766 157 869
284 638 870
638 314 870
750 284 870
522 182 871
797 522 871
140 276 872
276 2 872
599 140 872
2 101 872
101 846 872
846 599 872
264 348 873
348 128 873
501 264 873
128 83 873
83 547 873
24 618 873
618 501 873
547 807 873
339 24 873
807 339 873
177 739 874
844 177 874
739 597 874
597 844 874
671 250 875
507 466 875
466 671 875
250 790 875
790 507 875
279 374 876
834 279 876
374 526 876
526 834 876
60 838 877
838 37 877
37 63 877
63 854 877
212 60 877
639 212 877
854 639 877
454 303 878
303 859 878
859 553 878
637 117 879
195 637 879
724 195 879
604 724 879
117 788 879
788 604 879
478 786 880
541 342 880
786 541 880
235 192 881
777 235 881
192 447 881
447 653 881
653 777 881
313 525 882
427 432 882
558 427 882
482 558 882
94 313 882
355 668 882
603 260 883
808 603 883
260 749 883
749 808 883
525 546 884
546 323 884
323 263 884
263 565 884
213 525 884
565 213 884
697 478 885
198 563 885
563 697 885
342 198 885
880 342 885
478 880 885
736 272 886
102 345 886
345 736 886
221 756 886
756 102 886
272 463 886
625 538 887
711 725 887
725 625 887
395 168 888
443 395 888
168 704 888
704 257 888
169 222 889
222 397 889
667 169 889
526 590 889
590 667 889
397 834 889
834 526 889
206 452 890
452 234 890
241 206 890
818 241 890
431 424 890
424 818 890
290 486 891
486 314 891
314 638 891
638 571 891
181 537 892
537 748 892
748 499 892
434 181 892
499 855 892
346 216 893
216 585 893
616 346 893
657 616 893
585 736 893
495 651 894
806 495 894
133 352 894
352 866 894
651 133 894
240 806 894
866 240 894
650 375 895
556 794 895
794 650 895
182 701 896
297 358 896
821 297 896
358 713 896
701 821 896
871 182 896
142 438 897
438 13 897
314 142 897
870 314 897
570 600 898
783 570 898
218 783 898
600 863 898
863 218 898
108 163 899
15 229 899
258 15 899
400 258 899
163 455 899
455 400 899
229 521 899
595 682 900
682 43 900
43 251 900
251 288 900
288 705 900
705 143 900
143 853 900
148 205 901
205 497 901
497 708 901
138 817 901
817 148 901
390 227 902
710 390 902
709 632 902
632 731 902
731 710 902
422 471 903
471 861 903
293 417 904
417 27 904
27 435 904
639 293 904
435 212 904
212 639 904
31 294 905
394 31 905
294 156 905
405 673 905
684 405 905
156 864 905
864 684 905
675 320 906
320 768 906
768 459 906
533 675 906
485 533 906
867 485 906
459 867 906
164 650 907
650 764 907
792 164 907
688 792 907
10 446 908
446 801 908
820 763 908
801 820 908
409 96 909
338 196 909
196 409 909
271 197 910
197 385 910
626 166 910
385 626 910
166 696 910
696 271 910
65 475 911
475 225 911
500 65 911
225 689 911
689 83 911
83 751 911
751 500 911
46 336 912
336 60 912
60 212 912
504 614 913
614 536 913
536 850 913
850 504 913
472 531 914
531 501 914
501 816 914
816 485 914
80 22 915
683 80 915
22 221 915
463 683 915
886 463 915
221 886 915
84 170 916
170 609 916
771 84 916
609 243 916
243 771 916
100 72 917
187 100 917
72 141 917
141 740 917
740 187 917
59 292 918
292 743 918
553 59 918
878 553 918
252 454 918
454 878 918
743 252 918
28 86 919
86 397 919
397 222 919
312 765 919
676 28 919
765 676 919
222 832 919
832 312 919
361 358 920
433 544 920
544 361 920
307 255 921
96 445 921
445 307 921
909 96 921
427 428 922
428 394 922
673 427 922
394 905 922
905 673 922
147 85 923
85 208 923
208 674 923
674 249 923
249 791 923
791 147 923
321 598 924
598 434 924
86 787 924
787 321 924
855 86 924
434 892 924
892 855 924
169 298 925
298 515 925
508 169 925
780 508 925
515 137 925
137 780 925
249 693 926
693 786 926
786 640 926
640 791 926
791 249 926
199 695 927
676 154 927
33 676 927
695 33 927
315 89 928
118 380 928
380 398 928
398 789 928
789 836 928
836 315 928
601 412 929
642 601 929
216 642 929
412 828 929
144 555 930
370 574 930
212 370 930
912 212 930
555 46 930
46 912 930
518 482 931
482 882 931
882 668 931
178 338 932
338 909 932
255 301 932
921 255 932
301 178 932
909 921 932
87 170 933
170 84 933
84 521 933
229 87 933
521 229 933
571 290 934
290 891 934
891 571 934
56 359 935
175 506 935
506 56 935
328 175 935
688 328 935
359 688 935
48 661 936
661 619 936
619 857 936
857 48 936
549 562 937
160 549 937
804 160 937
302 804 937
631 638 938
638 284 938
133 651 938
651 631 938
557 131 939
668 557 939
131 518 939
518 931 939
931 668 939
0 387 940
91 469 940
387 488 940
469 711 940
538 0 940
887 538 940
711 887 940
485 144 941
144 813 941
793 472 941
914 485 941
472 914 941
25 18 942
18 183 942
92 25 942
183 788 942
788 805 942
805 92 942
574 52 943
52 99 943
813 144 943
99 793 943
144 930 943
930 574 943
793 941 943
941 813 943
159 167 944
167 119 944
202 159 944
140 202 944
259 140 944
119 259 944
8 64 945
389 8 945
64 248 945
248 720 945
720 774 945
774 389 945
224 108 946
108 899 946
299 224 946
521 299 946
899 521 946
229 15 947
120 87 947
354 120 947
87 229 947
15 433 947
433 920 947
920 354 947
232 307 948
380 232 948
62 416 948
416 380 948
307 445 948
445 62 948
195 450 949
830 195 949
20 655 949
655 830 949
450 868 949
868 20 949
191 216 950
760 191 950
828 760 950
216 929 950
929 828 950
203 595 951
595 900 951
900 853 951
426 341 952
408 559 952
559 426 952
341 690 952
690 408 952
23 402 953
402 36 953
528 23 953
36 80 953
80 649 953
649 528 953
409 196 954
605 56 954
56 662 954
662 656 954
680 409 954
656 680 954
290 706 955
651 404 955
706 651 955
404 773 955
773 290 955
73 419 956
419 431 956
460 10 956
763 73 956
10 908 956
908 763 956
648 607 957
702 648 957
607 776 957
424 464 957
776 424 957
464 702 957
261 302 958
331 261 958
562 114 958
114 692 958
692 331 958
302 937 958
937 562 958
50 291 959
291 498 959
498 527 959
527 50 959
646 270 960
476 646 960
754 476 960
270 823 960
322 173 961
173 487 961
487 734 961
387 322 961
721 387 961
734 721 961
751 762 962
762 39 962
658 751 962
770 658 962
39 770 962
345 82 963
736 345 963
893 736 963
112 75 964
75 354 964
347 112 964
354 920 964
358 347 964
920 358 964
236 10 965
10 460 965
494 236 965
460 406 965
641 494 965
406 517 965
517 641 965
155 591 966
862 155 966
591 688 966
764 862 966
688 907 966
907 764 966
505 378 967
378 514 967
484 523 967
523 505 967
514 715 967
715 484 967
89 123 968
123 277 968
277 118 968
118 928 968
928 89 968
156 294 969
294 287 969
437 156 969
300 437 969
802 300 969
287 624 970
624 717 970
717 348 970
348 802 970
802 969 970
969 287 970
823 797 971
797 871 971
750 960 971
960 823 971
520 176 972
176 709 972
227 520 972
902 227 972
709 902 972
29 110 973
475 29 973
110 636 973
496 475 973
636 496 973
938 284 974
284 750 974
750 971 974
971 871 974
602 798 975
798 903 975
861 602 975
903 861 975
41 74 976
126 41 976
74 149 976
149 605 976
196 126 976
605 954 976
954 196 976
871 896 977
896 713 977
352 133 977
133 938 977
713 352 977
938 974 977
974 871 977
311 285 978
360 311 978
285 698 978
698 767 978
767 360 978
201 138 979
844 201 979
708 497 979
497 844 979
138 901 979
901 708 979
234 355 980
890 234 980
431 890 980
956 431 980
30 53 981
53 67 981
67 539 981
441 447 981
539 441 981
447 30 981
209 368 982
115 486 982
486 209 982
861 115 982
368 602 982
602 861 982
374 748 983
748 495 983
246 374 983
824 246 983
495 824 983
251 199 984
288 251 984
154 705 984
705 288 984
927 154 984
199 927 984
371 289 985
289 420 985
420 569 985
569 371 985
543 556 986
375 573 986
573 543 986
556 895 986
895 375 986
100 187 987
187 215 987
436 100 987
113 436 987
215 577 987
577 113 987
517 406 988
406 782 988
782 830 988
830 655 988
641 517 988
841 641 988
655 860 988
860 841 988
285 311 989
311 588 989
297 492 989
588 297 989
621 285 989
492 621 989
116 545 990
545 14 990
14 114 990
114 691 990
691 116 990
146 88 991
280 146 991
257 280 991
88 535 991
535 443 991
443 888 991
888 257 991
90 239 992
239 93 992
93 759 992
192 235 992
235 90 992
848 192 992
759 847 992
847 809 992
809 848 992
413 512 993
512 560 993
560 228 993
228 718 993
718 413 993
576 94 994
94 882 994
432 79 994
882 432 994
79 576 994
140 599 995
798 140 995
903 798 995
599 422 995
422 903 995
273 210 996
210 782 996
21 68 996
852 21 996
68 273 996
782 460 996
460 852 996
82 300 997
793 657 997
300 472 997
472 793 997
963 82 997
657 893 997
893 963 997
681 203 998
796 681 998
203 951 998
853 796 998
951 853 998
184 476 999
476 566 999
750 870 999
13 184 999
897 13 999
566 754 999
870 897 999
754 960 999
960 750 999
