0 563.585 1.25126
1 808.74 193.304
2 479.873 585.009
3 895.962 350.291
4 746.605 822.84
5 858.943 174.108
6 513.535 710.501
7 14.9846 303.995
8 364.452 91.4029
9 165.899 147.313
10 445.692 988.525
11 4.66933 119.083
12 377.88 8.9114
13 571.184 531.663
14 607.166 601.764
15 663.045 166.234
16 352.123 450.789
17 607.685 57.0391
18 802.606 783.319
19 301.95 519.883
20 726.676 875.973
21 925.718 955.901
22 142.338 539.354
23 235.328 462.081
24 209.601 862.239
25 843.654 779.656
26 999.695 996.796
27 392.438 611.499
28 297.281 266.213
29 23.7434 840.144
30 92.6237 375.866
31 56.2151 677.206
32 918.79 8.78933
33 272.896 275.887
34 691.183 587.909
35 726.493 837.611
36 205.359 484.939
37 468.459 743.736
38 949.156 457.961
39 108.28 744.438
40 385.235 599.048
41 608.966 735.008
42 361.339 572.405
43 225.105 151.555
44 802.881 425.153
45 989.99 517.106
46 345.561 751.549
47 657.308 168.981
48 63.5395 491.897
49 504.807 699.759
50 949.583 147.496
51 905.118 141.575
52 303.049 692.892
53 70.3757 426.557
54 683.187 966.613
55 877.255 153.233
56 582.049 821.68
57 177.892 191.351
58 475.265 817.194
59 503.922 155.553
60 405.591 732.017
61 568.743 279.58
62 755.852 682.241
63 475.295 721.915
64 367.809 123.02
65 35.0963 834.681
66 662.984 517.014
67 104.678 426.221
68 921.384 949.339
69 345.988 549.547
70 374.981 471.725
71 316.874 846.98
72 271.889 456.099
73 297.8 982.971
74 567.278 739.189
75 761.315 195.99
76 397.656 839.442
77 890.164 500.9
78 994.629 27.4667
79 50.5081 572.588
80 194.067 531.327
81 626.759 843.043
82 197.852 657.613
83 123.325 842.158
84 743.126 109.928
85 941.069 314.066
86 336.314 286.081
87 733.085 140.263
88 707.999 834.62
89 747.215 600.238
90 144.475 252.724
91 61.0065 1.61748
92 852.626 806.238
93 115.604 210.578
94 14.2521 553.209
95 454.512 113.773
96 686.148 752.22
97 73.8853 543.443
98 201.941 436.72
99 290.353 696.219

13 2 14
0 17 32
20 4 35
19 23 36
27 2 40
34 14 41
40 2 42
8 12 43
33 28 43
15 17 47
6 14 49
14 2 49
2 27 49
5 50 51
50 32 51
27 40 52
40 42 52
30 7 53
10 26 54
26 21 54
5 51 55
51 32 55
33 43 57
43 9 57
10 56 58
47 17 59
27 52 60
52 46 60
58 37 60
47 59 61
18 25 62
37 6 63
6 49 63
60 37 63
49 27 63
27 60 63
8 43 64
43 28 64
31 29 65
39 31 65
13 14 66
14 34 66
44 61 66
61 13 66
22 36 67
48 22 67
53 48 67
30 53 67
21 26 68
20 54 68
54 21 68
19 52 69
52 42 69
2 13 70
13 61 70
61 16 70
42 2 70
69 42 70
16 19 70
19 69 70
19 16 72
23 19 72
71 24 73
14 6 74
41 14 74
56 41 74
6 37 74
37 58 74
58 56 74
3 1 75
44 3 75
15 47 75
61 44 75
47 61 75
58 60 76
60 46 76
10 58 76
46 71 76
71 73 76
73 10 76
38 3 77
3 44 77
25 45 77
62 25 77
45 38 77
32 50 78
31 22 79
19 36 80
36 22 80
41 56 81
54 20 81
10 54 81
56 10 81
22 31 82
31 39 82
19 80 82
80 22 82
65 29 83
24 39 83
39 65 83
29 73 83
73 24 83
1 5 84
5 55 84
17 15 84
32 17 84
55 32 84
1 3 85
5 1 85
50 5 85
3 38 85
38 45 85
45 78 85
78 50 85
28 33 86
16 61 86
61 59 86
59 64 86
64 28 86
33 72 86
72 16 86
15 75 87
84 15 87
75 1 87
1 84 87
35 4 88
20 35 88
81 20 88
44 66 89
66 34 89
77 44 89
34 62 89
62 77 89
7 30 90
33 57 90
12 0 91
11 9 91
9 43 91
43 12 91
18 4 92
25 18 92
4 20 92
26 45 92
45 25 92
20 68 92
68 26 92
9 11 93
57 9 93
90 57 93
11 7 93
7 90 93
7 11 94
48 53 94
53 7 94
29 31 94
31 79 94
0 12 95
12 8 95
17 0 95
59 17 95
8 64 95
64 59 95
4 18 96
18 62 96
34 41 96
62 34 96
88 4 96
41 81 96
81 88 96
22 48 97
79 22 97
48 94 97
94 79 97
30 67 98
36 23 98
67 36 98
23 72 98
72 33 98
33 90 98
90 30 98
46 52 99
24 71 99
71 46 99
39 24 99
82 39 99
52 19 99
19 82 99
