677.074,264.807
626.418,69.787
977.485,392.268
128.119,106.022
304.375,55.8968
819.301,525.71
8.54824,979.488
980.9,750.19
147.92,325.484
442.593,813.124
302.187,841.532
874.265,810.794
672.128,699.879
703.509,63.1057
198.136,700.393
697.935,562.783
890.194,342.596
935.795,494.73
484.165,99.133
353.322,592.447
125.846,59.9566
997.508,979.243
799.055,936.883
964.381,611.406
677.235,479.469
98.7713,415.194
822.77,103.075
6.31317,748.798
485.268,313.978
324.666,169.2
292.006,541.65
17.2494,946.043
906.164,394.284
104.771,202.704
975.806,414.429
351.112,462.582
306.122,76.7324
958.38,348.733
87.5361,49.2862
834.993,969.418
488.38,942.968
132.405,924.593
156.644,24.4926
956.402,454.896
40.6505,243.592
794.321,794.923
675.509,959.784
561.38,818.332
466.282,624.531
673.244,212.624
137.455,877.217
789.777,419.729
233.897,284.623
751.222,479.68
525.258,888.505
732.367,413.123
541.366,629.592
69.6749,963.625
395.019,770.421
273.335,371.982
147.471,303.449
63.7755,952.581
320.313,424.37
646.322,708.346
149.81,789.45
153.195,944.039
337.361,546.41
668.982,886.413
735.124,444.194
627.849,710.593
330.387,951.522
553.006,744.01
286.657,730.337
18.7901,837.735
717.642,473.955
320.245,580.47
184.76,102.442
245.954,607.132
707.512,198.565
180.669,401.618
15.4994,938.957
797.628,137.133
261.597,52.3337
636.375,892.035
111.589,953.167
592.936,784.912
796.566,585.64
137.804,258.649
515.513,121.633
636.035,107.349
841.744,593.905
181.176,68.7092
907.764,14.0829
271.381,353.16
228.826,73.4734
152.011,762.671
35.3208,974.143
797.364,495.441
634.556,617.993
585.678,385.95
802.97,31.7365
972.632,654.112
28.0612,690.377
714.654,133.971
327.002,525.379
536.037,599.006
183.241,429.114
157.406,284.227
952.276,613.309
960.354,691.089
642.816,147.052
105.256,467.537
558.645,557.799
482.274,358.763
956.444,92.5413
949.905,766.838
438.011,802.934
176.146,247.919
870.186,572.314
526.584,551.035
647.996,841.451
268.559,701.418
628.767,560.872
831.953,668.827
217.423,59.5374
18.7282,299.635
86.181,57.9562
267.06,208.313
742.128,251.71
883.992,197.863
152.26,189.74
714.05,48.4851
308.098,902.175
57.6432,524.766
697.145,155.188
316.285,692.642
601.185,796.093
211.896,155.272
153.687,120.627
858.147,754.062
865.07,76.636
104.258,463.005
790.211,583.83
976.211,10.4309
854.631,198.727
838.446,506.097
627.826,587.186
834.808,898.056
766.439,305.989
384.6,563.091
4.59341,419.271
428.799,172.129
492.435,450.212
678.355,334.918
40.3918,528.158
667.313,322.356
505.941,630.145
816.606,45.2989
18.8573,530.555
156.709,228.371
808.999,854.058
316.162,843.763
753.492,526.975
1.14725,177.862
452.76,508.896
830.777,125.356
766.575,285.946
583.147,189.776
895.841,930.607
762.991,832.575
384.182,169.852
320.602,599.645
167.296,53.6403
949.687,457.722
147.581,852.027
352.934,125.759
938.439,993.948
525.96,566.566
115.54,319.947
309.567,919.257
989.73,450.058
69.6861,332.882
514.398,760.009
820.942,748.222
950.344,276.291
428.541,539.11
317.439,379.948
243.608,872.36
33.4395,331.207
875.131,505.456
949.787,142.358
245.437,916.835
279.885,240.363
337.81,291.02
426.095,856.211
11.7658,607.478
265.427,969.048
881.382,350.706
331.977,874.519
828.075,689.848
275.673,837.535
288.379,309.392
951.858,829.802
936.549,209.261
597.352,141.744
818.973,405.411
122.526,931.972
401.607,358.907
93.7239,239.999
942.258,493.51
833.841,388.627
880.398,451.171
875.072,23.1087
741.314,327.872
728.777,886.813
916.594,261.064
557.159,431.249
357.562,593.867
622.41,179.724
284.308,891.929
106.609,911.18
614.275,833.889
170.579,158.947
708.605,954.496
430.984,255.297
982.908,894.468
281.331,850.834
696.793,381.002
943.314,485.158
908.763,110.654
903.234,412.371
992.53,681.814
787.967,686.655
346.101,763.408
707.253,401.241
83.3283,632.815
93.3358,374.175
23.8377,826.583
257.105,603.44
16.2278,975.031
654.024,569.496
779.793,294.053
918.804,23.5228
89.5526,477.073
329.727,206.153
753.176,955.959
547.589,113.711
743.517,220.887
181.692,329.64
924.195,490.957
537.613,955.196
672.739,337.594
955.436,674.689
100.905,59.3307
851.631,86.2145
193.905,492.306
683.612,372.711
232.759,535.174
110.642,65.6601
932.855,590.586
482.074,16.7952
423.217,55.0498
713.342,257.549
288.241,270.76
805.244,91.6574
541.195,239.25
765.388,44.0642
68.0772,54.1646
153.807,418.78
474.535,605.987
584.955,895.401
767.253,342.047
399.353,588.751
490.806,908.587
545.036,158.915
186.269,147.144
76.1052,118.061
116.754,873.818
295.256,567.145
473.984,642.623
569.481,321.226
541.436,997.167
787.048,569.962
641.461,522.102
578.642,766.731
789.47,576.208
686.098,872.361
905.275,452.867
932.974,52.0948
124.088,150.843
291.272,275.236
592.341,444.945
288.023,854.406
746.888,859.398
824.088,384.492
376.498,68.0763
408.608,840.122
594.945,306.913
533.58,777.821
374.066,391.53
656.609,233.541
179.786,885.065
711.977,703.563
257.576,735.733
858.158,994.82
620.942,231.285
781.202,410.238
174.977,177.068
283.097,575.716
991.836,401.586
985.011,159.92
313.206,23.3552
73.5964,376.285
671.909,222.391
854.479,995.931
18.8974,47.113
416.551,436.562
451.466,790.934
905.485,539.77
917.76,481.225
580.747,8.30807
30.281,481.162
406.823,768.534
149.452,765.525
625.729,388.097
451.174,931.245
976.025,18.5347
617.235,48.7133
644.971,166.141
633.949,104.197
919.214,794.263
793.379,419.361
319.575,18.3085
896.801,539.188
347.16,504.877
928.451,322.026
752.205,114.692
18.5848,183.267
792.199,159.815
490.133,227.886
537.893,841.63
588.894,276.869
102.814,994.492
820.044,944.193
548.781,786.08
793.291,793.363
269.192,59.0968
581.544,224.126
265.508,520.584
188.6,917.372
407.757,912.605
330.261,359.776
23.2679,781.397
333.734,324.899
398.728,834.276
892.679,593.589
708.416,707.07
163.376,603.221
830.901,201.219
119.99,958.358
993.277,634.337
552.509,565.196
627.815,884.204
487.01,29.5528
278.515,654.278
206.406,705.129
319.449,876.957
733.916,757.66
621.503,793.797
273.467,931.854
127.128,116.215
765.952,464.038
452.428,791.239
215.974,7.77686
536.982,404.303
9.87564,960.562
936.668,19.4686
597.286,857.699
419.278,892.171
136.478,883.531
353.298,842.344
165.318,913.853
611.104,879.875
657.128,484.864
842.012,246.472
977.13,881.029
909.385,950.781
567.081,23.5252
635.044,420.419
377.029,979.854
993.286,431.159
161.838,83.1378
805.393,34.9259
962.875,485.246
660.307,637.617
914.689,219.164
807.75,773.558
35.2713,415.36
175.433,236.921
548.695,903.343
893.164,799.229
453.525,135.818
387.603,537.734
485.829,697.193
461.303,648.081
814.304,700.853
402.475,469.322
353.659,100.403
491.696,842.462
82.1027,961.801
337.302,150.815
699.686,869
860.459,36.7382
528.563,133.853
972.156,689.998
541.47,439.001
659.213,479.665
546.153,998.233
124.645,98.9373
526.722,212.019
959.652,32.0074
862.557,717.783
335.291,966.834
204.613,781.975
813.845,715.72
448.568,462.724
850.267,298.032
185.367,544.894
451.09,29.7944
978.845,43.8823
288.007,610.644
876.681,437.354
918.692,847.508
463.341,256.046
859.489,859.915
758.754,377.382
346.206,5.23671
385.27,394.492
758.419,422.643
954.649,921.547
95.4325,717.607
875.778,51.3348
251.681,79.2086
386.246,535.21
622.527,17.785
904.238,738.685
327.33,139.107
626.138,97.3814
859.171,273.574
352.67,359.791
961.909,119.329
54.8891,132.684
726.657,29.5242
130.277,865.23
989.609,559.752
42.567,512.666
890.792,837.793
189.055,481.95
929.195,489.691
996.209,905.656
32.6555,33.9323
139.346,851.956
965.209,236.1
810.805,841.922
176.167,634.489
59.6028,14.9964
366.654,816.455
160.514,497.728
625.394,412.642
609.245,675.767
500.38,295.011
59.513,907.64
809.583,126.439
727.919,230.567
858.556,94.5619
167.638,614.982
835.496,160.777
687.16,173.311
297.135,176.311
66.2631,899.897
517.449,866.218
964.751,516.806
582.289,172.824
518.364,126.718
900.8,308.662
560.992,191.7
630.611,775.236
719.507,413.206
363.873,740.195
657.684,405.149
691.243,447.944
517.592,692.854
353.101,751.353
702.683,190.243
27.5175,1.35694
214.046,627.619
40.1074,517.127
841.208,953.514
75.9354,94.7385
537.144,155.326
518.913,34.7239
970.577,430.263
887.8,10.6329
321.057,901.341
486.503,139.681
648.242,665.28
132.538,45.7411
941.273,591.995
817.057,417.783
977.931,515.332
754.932,696.248
2.1835,260.373
564.63,180.495
871.945,160.064
548.786,711.826
452.179,392.561
462.444,70.8908
37.8569,457.925
425.539,573.937
865.306,16.3109
13.553,666.133
957.786,131.894
664.964,725.333
6.14861,662.363
224.189,820.385
359.048,264.161
590.759,78.4807
107.529,550.888
299.655,879.229
899.675,837.722
414.555,612.408
728.323,362.487
589.228,397.054
484.725,717.211
409.807,592.746
242.442,328.556
623.472,129.409
156.784,551.922
340.819,695.219
290.835,122.281
935.133,700.41
593.123,728.237
8.93174,572.83
997.691,837.03
140.368,416.816
455.619,473.01
397.462,836.172
508.08,537.828
958.009,996.588
586.332,458.224
165.962,973.616
289.066,857.219
801.135,846.963
295.575,446.168
350.993,673.759
527.855,133.477
537.6,666.541
488.834,618.868
575.909,465.043
260.338,872.213
411.063,940.985
794.902,686.507
455.737,397.599
704.685,285.821
15.8047,721.499
872.756,631.36
751.141,947.366
979.834,593.412
658.403,317.384
777.651,683.035
727.828,330.904
777.627,9.47645
382.397,114.639
562.526,83.9057
689.241,274.483
707.185,656.563
898.87,484.473
470.714,692.926
199.541,114.799
249.954,913.109
542.173,191.478
121.387,392.306
450.788,108.918
237.38,487.095
952.556,866.223
673.748,340.854
302.518,950.385
683.372,467.526
885.685,976.235
126.741,364.022
195.574,31.867
881.383,619.336
173.061,427.583
187.032,616.983
258.71,562.97
640.727,895.405
529.885,932.308
98.3577,375.64
395.902,597.938
577.606,809.902
451.8,855.359
351.081,75.7109
604.615,701.776
153.869,431.974
245.934,469.936
781.711,474.616
983.742,778.276
114.319,774.978
703.841,580.116
228.654,207.037
723.265,916.209
955.257,483.06
266.08,75.7822
787.662,236.156
963.037,883.154
540.231,229.137
681.079,362.227
904.277,608.256
572.107,48.4767
222.197,137.883
122.973,883.534
601.544,789.264
492.709,388.976
932.111,351.976
197.841,757.042
399.933,912.049
339.66,285.634
651.04,396.56
457.825,678.668
455.933,92.0012
182.29,21.8683
958.092,524.103
612.588,720.954
576.327,631.338
806.846,513.392
14.0075,104.701
952.882,30.5788
381.873,728.452
354.428,664.001
688.628,578.92
350.628,190.244
507.185,661.022
333.188,403.459
904.48,194.586
400.184,986.219
872.703,349.744
306.403,893.089
12.5517,988.31
163.559,799.951
986.048,80.6318
987.071,812.419
976.841,155.666
41.6232,344.207
962.23,880.784
951.81,202.072
485.152,894.299
775.491,900.33
682.272,340.306
414.857,245.64
322.713,544.741
799.654,771.082
28.2996,792.503
481.595,778.546
223.113,261.329
351.189,352.915
889.462,163.934
582.915,745.012
623.215,813.633
230.019,804.225
959.294,156.079
859.215,249.232
537.287,342.291
727.819,441.237
708.76,280.312
895.182,165.878
497.31,825.291
224.178,333.959
141.02,741.179
95.6983,895.66
367.866,649.702
284.203,93.148
893.897,107.61
363.78,219.904
686.661,825.5
430.424,945.48
175.073,383.711
457.618,523.583
50.3495,813.845
150.651,195.562
213.246,876.073
532.944,953.103
895.812,926.462
950.923,933.523
716.994,986.063
296.196,783.111
974.835,322.303
30.394,602.005
486.733,203.763
289.49,582.613
982.804,64.2307
807.161,904.609
478.817,645.016
621.525,403.428
204.621,553.482
280.694,627.807
301.567,503.68
357.736,254.461
950.55,291.8
720.331,787.363
225.588,375.564
357.277,717.072
18.4218,996.247
184.11,325.003
686.966,923.981
273.689,949.965
192.407,166.938
564.082,845.249
712.598,253.966
782.92,774.307
271.41,526.42
166.938,981.929
496.15,347.752
645.599,368.679
231.185,804.081
99.9769,1.01694
176.978,228.453
739.631,75.4905
646.85,319.755
662.004,749.185
651.769,444.462
159.476,196.177
492.174,191.961
621.904,151.961
514.043,631.756
360.496,738.414
724.519,346.995
528.675,948.947
161.188,500.911
43.032,391.258
329.457,263.868
262.979,905.062
614.592,189.813
716.027,468.989
224.181,47.267
699.449,110.799
910.328,894.143
858.48,466.102
929.628,13.6403
753.322,486.098
697.39,896.434
192.325,20.3802
273.604,641.14
895.576,997.142
973.539,810.929
948.349,899.811
25.9088,774.514
900.749,799.048
120.408,309.366
677.63,580.799
781.367,561.322
950.119,903.44
488.236,987.411
828.783,736.474
839.593,941.552
179.225,629.441
420.489,861.866
342.629,99.6511
685.725,332.42
951.652,366.743
821.251,124.757
42.6471,10.5233
610.688,112.181
898.331,228.921
448.95,619.775
223.547,587.946
167.038,506.502
450.293,467.323
532.495,270.741
871.358,457.564
247.326,468.94
451.15,545.96
371.42,59.4639
60.6498,125.875
152.247,417.487
548.565,358.624
873.891,636.286
835.964,5.8617
754.388,813.509
173.205,38.6824
713.609,728.409
528.353,956.188
640.607,640.582
249.032,215.066
695.746,462.855
660.413,274.973
104.967,317.033
64.9825,988.809
319.716,927.439
991.789,794.535
120.141,576.143
176.709,797.407
648.847,407.014
778.022,64.3298
157.029,487.217
354.612,483.182
17.3423,26.8229
831.06,747.33
959.677,210.127
119.703,63.0868
306.094,129.586
449.386,434.42
835.338,457.97
213.341,347.944
300.359,154.067
824.163,243.704
160.844,694.421
200.61,155.275
683.999,687.178
272.154,270.764
903.319,280.682
887.272,553.211
653.113,407.294
101.351,859.65
910.567,437.198
365.893,587.407
169.417,722.013
195.824,960.849
872.334,949.109
625.291,382.794
7.72215,336.392
238.309,873.439
67.0412,446.878
943.265,600.891
122.056,862.627
820.02,14.0419
128.73,116.068
913.426,710.651
886.475,655.819
33.7245,966.797
957.966,738.778
316.307,15.6989
103.362,757.045
761.17,285.128
905.371,241.931
172.468,944.939
733.234,48.6729
861.642,856.591
250.355,316.524
969.947,926.058
276.321,550.371
543.589,637.129
954.888,356.06
837.74,135.954
278.545,615.947
488.94,132.716
412.651,197.161
248.573,434.442
589.582,560.885
650.572,874.696
639.21,978.878
433.443,670.44
116.213,414.891
380.673,32.6176
628.495,919.036
415.99,338.035
148.306,717.435
220.5,507.452
549.476,618.526
324.494,464.635
803.018,210.069
714.744,988.669
763.348,64.945
642.298,176.755
388.777,489.895
36.5899,136.072
913.289,248.958
907.823,107.88
238.59,661.968
334.462,172.627
220.499,325.707
77.6877,123.14
548.195,65.872
308.304,428.857
935.169,112.967
743.416,119.239
254.672,839.353
968.547,79.7233
583.03,575.81
889.148,190.124
443.688,809.406
135.343,507.957
766.347,656.269
330.703,624.017
297.5,950.479
157.76,874.337
511.283,930.274
724.546,31.6104
332.592,818.442
337.12,797.508
760.749,430.354
994.697,622.926
37.5849,540.952
921.164,255.837
943.197,303.229
12.5452,942.831
581.713,719.156
931.022,157.388
287.159,591.261
778.802,252.309
166.464,907.934
950.327,819.504
233.034,214.364
546.268,262.923
113.065,681.518
637.473,358.383
599.195,325.631
541.823,421.713
849.231,421.702
847.105,795.45
459.91,791.866
540.969,903.572
325.266,755.015
787.826,109.439
888.965,328.491
244.195,521.435
921.428,998.262
918.234,275.514
177.455,677.713
59.3654,810.309
23.9591,683.311
992.278,327.983
993.24,443.231
185.18,375.512
878.191,811.677
697.117,25.1389
729.988,801.428
401.522,922.415
215.551,194.572
310.762,185.06
841.35,942.984
221.408,710.75
896.511,7.21824
170.086,490.956
49.1208,584.866
860.291,475.622
426.043,961.305
327.159,556.99
596.374,195.195
463.957,360.226
436.656,365.281
652.306,395.152
765.92,166.679
91.4147,482.859
135.618,181.754
652.227,710.611
132.886,792.647
686.957,438.546
174.769,674.473
737.967,769.154
443.987,791.44
42.5047,443.109
2.7481,541.268
997.194,714.667
141.442,580.252
947.659,137.98
449.09,206.526
844.412,0.276165
303.416,595.708
452.326,314.376
324.249,366.383
88.2707,572.121
724.43,427.211
74.3955,209.783
185.868,161.554
939.56,925.805
605.649,349.954
204.315,964.638
633.042,689.736
241.814,809.875
222.743,352.924
83.8467,304.178
159.527,335.67
224.541,462.731
547.305,679.563
733.748,739.086
127.706,641.367
641.282,299.149
588.776,90.2414
28.6718,538.954
343.331,870.903
638.106,636.407
121.324,664.963
404.649,958.03
806.094,339.752
101.11,364.175
848.448,278.656
433.03,964.99
363.332,50.2353
510.979,82.297
928.541,7.45206
