0 653.04 160.67 
1 688.133 880.382 
2 997.272 208.827 
3 808.518 532.706 
4 683.459 850.42 
5 166.871 685.226 
6 90.6762 508.115 
7 936.336 479.099 
8 617.537 415.974 
9 986.786 418.371 
10 248.166 144.417 
11 535.358 542.792 
12 800.073 977.266 
13 25.6832 52.0767 
14 61.7796 935.609 
15 562.688 122.945 
16 358.199 164.957 
17 410.116 788.221 
18 138.993 335.911 
19 157.646 128.055 
20 717.969 955.517 
21 295.561 511.419 
22 523.218 111.683 
23 840.56 955.285 
24 271.583 746.796 
25 509.608 284.995 
26 225.686 959.811 
27 679.952 577.388 
28 386.158 877.797 
29 128.919 467.558 
30 319.558 613.872 
31 619.309 817.708 
32 254.547 837.473 
33 210.201 58.8224 
34 350.662 983.768 
35 438.626 506.354 
36 573.384 466.14 
37 366.162 809.361 
38 829.374 473.353 
39 821.021 968.36 
40 556.144 400.452 
41 321.386 399.246 
42 954.646 61.5828 
43 699.079 375.078 
44 103.865 379.282 
45 642.424 179.986 
46 772.655 949.283 
47 705.042 922.182 
48 566.306 404.054 
49 127.182 527.334 
50 609.208 55.9379 
51 14.0218 5.79112 
52 366.187 57.2787 
53 525.4 122.141 
54 642.216 737.161 
55 595.435 114.171 
56 336.625 300.382 
57 79.0303 482.808 
58 669.309 148.485 
59 802.039 333.806 
60 50.0272 234.106 
61 15.5658 367.447 
62 393.491 385.78 
63 651.859 404.961 
64 638.393 830.346 
65 590.686 446.397 
66 763.975 40.2024 
67 202.375 66.2554 
68 277.508 999.271 
69 175.113 700.742 
70 504.778 469.766 
71 396.603 520.182 
72 400.126 575.077 
73 418.224 604.635 
74 40.7912 914.322 
75 540.958 580.278 
76 673.354 116.456 
77 611.758 64.0553 
78 591.934 557.431 
79 934.903 868.489 
80 766.282 529.742 
81 245.878 456.52 
82 579.218 796.525 
83 157.69 125.129 
84 542.323 693.722 
85 648.766 641.527 
86 989.411 236.798 
87 481.704 537.853 
88 140.181 331.782 
89 913.514 377.752 
90 932.614 518.163 
91 620.141 818.177 
92 782.961 334.166 
93 810.761 290.841 
94 241.529 34.3876 
95 122.501 627.48 
96 895.977 437.073 
97 180.407 262.042 
98 503.913 699.276 
99 932.356 759.739 
100 727.949 349.202 
101 60.7587 827.787 
102 969.009 704.184 
103 376.636 646.568 
104 704.898 62.2927 
105 620.221 391.581 
106 626.342 931.073 
107 844.92 44.3705 
108 117.967 699.523 
109 926.995 850.053 
110 549.082 934.448 
111 461.563 17.1393 
112 739.938 235.664 
113 519.044 427.156 
114 91.4729 726.827 
115 751.746 393.971 
116 500.646 186.314 
117 474.207 679.903 
118 861.766 671.744 
119 800.028 928.472 
120 808.521 338.185 
121 863.84 65.9088 
122 753.584 810.726 
123 678.687 762.309 
124 725.309 580.189 
125 949.647 585.666 
126 908.992 807.355 
127 141.208 866.962 
128 805.413 825.063 
129 343.829 671.963 
130 856.432 135.699 
131 333.854 187.271 
132 449.831 747.227 
133 291.821 490.911 
134 373.376 498.62 
135 293.354 21.1882 
136 244.352 101.031 
137 701.447 838.935 
138 293.965 447.313 
139 875.827 790.62 
140 676.68 515.43 
141 732.753 110.745 
142 843.539 654.989 
143 782.561 839.997 
144 917.682 561.716 
145 483.013 960.531 
146 739.197 804.861 
147 869.208 647.759 
148 835.517 57.9042 
149 12.5906 941.013 
150 287.411 197.933 
151 2.81134 578.262 
152 146.5 921.032 
153 688.098 32.1515 
154 11.5255 730.602 
155 426.945 49.5697 
156 204.501 346.747 
157 287.843 413.417 
158 100.843 311.215 
159 37.3386 283.148 
160 5.60514 283.256 
161 571.568 514.448 
162 889.189 971.805 
163 60.1407 150.979 
164 991.84 693.07 
165 877.64 632.948 
166 603.264 676.229 
167 895.219 761.545 
168 483.179 762.678 
169 442.982 645.442 
170 938.336 899.441 
171 634.082 8.17565 
172 77.0523 954.431 
173 517.236 474.609 
174 554.246 560.363 
175 941.425 275.819 
176 265.983 925.943 
177 949.152 371.826 
178 751.399 94.6191 
179 139.024 50.3799 
180 468.137 343.301 
181 482.288 899.424 
182 599.398 229.938 
183 260.068 529.314 
184 656.643 685.291 
185 662.821 818.414 
186 696.748 743.75 
187 440.008 462.9 
188 476.606 399.448 
189 842.26 96.6033 
190 279.739 187.484 
191 523.528 582.236 
192 1.69526 949.049 
193 626.518 157.927 
194 959.549 81.2899 
195 197.649 262.169 
196 636.563 800.96 
197 649.154 372.123 
198 231.932 281.552 
199 644.872 731.898 
200 693.145 866.697 
201 419.947 295.439 
202 153.32 766.128 
203 876.363 776.869 
204 819.473 987.297 
205 191.538 965.431 
206 148.544 703.593 
207 5.97666 824.132 
208 903.152 428.914 
209 157.49 126.654 
210 708.808 661.868 
211 217.337 773.775 
212 823.486 520.642 
213 158.709 136.123 
214 264.168 430.44 
215 201.093 59.7697 
216 428.989 716.791 
217 894.511 536.376 
218 140.21 904.897 
219 604.862 617.442 
220 499.108 713.436 
221 160.156 905.272 
222 631.317 626.956 
223 798.495 73.5265 
224 550.961 977.381 
225 443.008 305.881 
226 222.204 673.195 
227 671.578 79.1851 
228 813.392 378.941 
229 646.264 59.5609 
230 204.699 900.35 
231 55.9836 735.887 
232 703.271 690.281 
233 126.295 27.3121 
234 623.715 928.646 
235 886.177 37.1538 
236 335.221 917.192 
237 338.187 72.7787 
238 700.006 533.27 
239 878.6 244.886 
240 897.302 856.434 
241 16.2118 684.414 
242 451.721 440.541 
243 362.152 301.266 
244 128.5 161.775 
245 720.624 996.646 
246 549.159 893.306 
247 930.052 108.194 
248 455.5 467.696 
249 874.244 760.397 
250 422.139 315.143 
251 476.098 819.557 
252 301.174 926.707 
253 105.31 553.578 
254 629.504 132.296 
255 607.678 110.216 
256 859.024 865.603 
257 211.136 760.808 
258 874.136 143.815 
259 675.823 915.681 
260 408.086 712.513 
261 317.709 436.611 
262 862.025 853.539 
263 804.302 743.466 
264 843.385 666.105 
265 268.729 988.904 
266 197.297 579.728 
267 528.393 555.009 
268 823.638 742.583 
269 663.273 809.081 
270 96.8277 69.193 
271 933.886 70.2562 
272 106.241 329.33 
273 424.58 733.821 
274 367.665 340.388 
275 662.83 764.983 
276 422.197 937.256 
277 451.23 603.974 
278 866.134 608.178 
279 400.149 139.216 
280 987.693 364.173 
281 264.205 170.227 
282 762.534 436.371 
283 175.239 299.586 
284 249.695 260.412 
285 99.5247 987.35 
286 75.8722 990.685 
287 685.271 268.578 
288 350.997 833.444 
289 624.896 695.3 
290 860.392 85.5359 
291 686.12 758.887 
292 864.999 873.038 
293 193.706 733.256 
294 875.346 34.2859 
295 706.807 399.54 
296 944.646 142.839 
297 762.394 513.466 
298 40.4026 778.391 
299 308.012 377.216 
300 41.376 925.032 
301 47.4898 205.828 
302 543.947 534.764 
303 658.994 179.006 
304 118.675 905.803 
305 733.695 860.116 
306 20.4774 930.217 
307 416.851 338.963 
308 528.406 710.602 
309 514.803 86.0847 
310 914.679 838.666 
311 826.541 387.964 
312 222.387 178.623 
313 402.363 985.865 
314 458.229 984.884 
315 368.977 739.682 
316 51.0026 533.517 
317 27.8488 855.004 
318 327.16 578.499 
319 197.139 95.1301 
320 752.849 348.142 
321 936.759 41.9756 
322 382.188 893.688 
323 965.522 206.777 
324 972.404 563.364 
325 393.983 707.349 
326 508.975 477.808 
327 347.621 236.153 
328 157.267 141.724 
329 496.426 24.1672 
330 185.422 435.985 
331 117.382 766.873 
332 55.7027 513.225 
333 614.145 756.601 
334 623.833 995.282 
335 932.164 807.356 
336 624.151 405.048 
337 287.449 24.6525 
338 251.735 497.611 
339 29.0512 671.326 
340 6.22658 378.498 
341 419.467 229.241 
342 363.517 469.372 
343 620.785 454.515 
344 284.783 347.286 
345 754.014 747.876 
346 333.436 940.368 
347 986.725 970.917 
348 122.828 49.479 
349 160.633 462.529 
350 511.663 698.545 
351 423.374 539.427 
352 188.291 288.628 
353 163.024 679.192 
354 559.06 555.523 
355 835.336 107.703 
356 914.664 284.956 
357 138.871 694.671 
358 284.594 322.692 
359 819.316 285.608 
360 509.011 91.3586 
361 223.991 797.69 
362 510.106 705.177 
363 481.558 767.234 
364 931.727 381.483 
365 343.239 769.877 
366 609.924 833.17 
367 100.243 201.957 
368 417.474 64.819 
369 355.934 645.719 
370 431.104 368.836 
371 954.123 543.338 
372 837.203 905.62 
373 792.451 990.966 
374 135.854 471.873 
375 76.8791 297.201 
376 328.285 82.8807 
377 842.565 993.171 
378 77.0628 365.076 
379 448.149 134.683 
380 544.081 625.85 
381 698.946 432.885 
382 780.254 663.784 
383 355.059 641.446 
384 219.158 48.8353 
385 387.833 667.403 
386 175.617 520.778 
387 557.501 203.724 
388 759.774 956.072 
389 231.794 574.67 
390 840.916 649.436 
391 991.097 982.773 
392 190.686 72.7102 
393 449.383 64.9321 
394 340.168 880.577 
395 138.776 159.733 
396 685.912 626.633 
397 645.987 18.2348 
398 909.681 998.522 
399 830.572 773.972 
400 190.545 508.336 
401 417.368 599.217 
402 730.346 640.207 
403 845.371 858.189 
404 536.904 815.545 
405 833.472 440.792 
406 860.497 866.69 
407 24.5298 787.389 
408 964.858 799.015 
409 851.181 80.3022 
410 564.921 127.169 
411 957.08 778.687 
412 220.589 944.425 
413 205.072 829.593 
414 668.913 298.663 
415 936.511 43.5495 
416 548.459 891.503 
417 449.989 600.063 
418 272.389 754.647 
419 110.037 625.982 
420 31.4341 450.149 
421 756.229 244.8 
422 686.526 813.135 
423 561.327 465.355 
424 911.915 399.701 
425 482.963 561.865 
426 368.093 577.592 
427 51.523 673.813 
428 175.926 999.017 
429 33.051 7.00574 
430 602.611 24.3623 
431 687.043 295.377 
432 39.9357 684.619 
433 798.759 256.196 
434 549.544 844.782 
435 9.45029 609.072 
436 348.121 559.935 
437 168.838 725.699 
438 929.074 767.866 
439 41.7679 940.58 
440 426.826 169.535 
441 591.656 94.5471 
442 217.514 812.101 
443 339.741 722.948 
444 811.691 298.597 
445 462.148 919.125 
446 493.041 438.671 
447 610.229 194.736 
448 385.07 722.418 
449 297.531 795.641 
450 140.16 815.273 
451 616.087 266.08 
452 917.485 728.52 
453 116.039 858.084 
454 164.868 13.197 
455 722.999 140.25 
456 507.907 749.373 
457 503.999 520.095 
458 176.682 843.609 
459 373.381 9.87756 
460 189.546 909.259 
461 505.159 969.383 
462 726.451 93.2401 
463 826.597 490.253 
464 571.452 176.668 
465 98.6619 496.674 
466 505.992 825.363 
467 16.9402 106.096 
468 361.219 681.438 
469 904.404 104.71 
470 111.021 292.157 
471 155.605 183.752 
472 745.604 92.6092 
473 412.616 394.416 
474 224.051 167.068 
475 613.855 616.931 
476 830.461 926.097 
477 705.273 618.245 
478 695.729 869.26 
479 686.604 881.131 
480 388.937 97.9768 
481 78.0305 413.423 
482 433.078 355.809 
483 955.704 172.954 
484 495.155 245.209 
485 847.819 822.918 
486 202.093 996.051 
487 23.9779 391.566 
488 977.206 143.48 
489 457.988 114.482 
490 732.28 911.271 
491 881.472 539.466 
492 567.437 689.233 
493 980.256 844.25 
494 35.5113 467.103 
495 217.28 766.462 
496 794.111 126.717 
497 536.288 924.239 
498 833.958 733.597 
499 585.75 891.619 
500 498.391 689.976 
501 517.951 411.166 
502 168.499 616.056 
503 230.62 194.637 
504 253.245 578.91 
505 331.885 727.353 
506 466.443 190.837 
507 575.112 640.276 
508 75.8279 668.482 
509 591.146 992.823 
510 991.341 892.066 
511 688.579 818.091 
512 16.8057 489.178 
513 208.64 286.876 
514 2.31642 279.329 
515 402.291 123.355 
516 32.8423 185.131 
517 860.818 42.2809 
518 440.171 933.835 
519 518.191 801.285 
520 771.234 626.867 
521 71.6242 701.2 
522 675.259 298.88 
523 661.63 507.242 
524 803.43 197.634 
525 323.041 721.689 
526 252.723 520.137 
527 628.233 322.423 
528 354.254 375.704 
529 153.255 316.531 
530 364.399 278.567 
531 471.628 70.7834 
532 124.733 956.435 
533 751.566 702.219 
534 279.422 970.788 
535 13.6583 359.157 
536 431.129 672.108 
537 842.629 131.609 
538 827.987 87.9512 
539 378.969 898.305 
540 554.555 965.402 
541 114.017 874.475 
542 455.756 229.304 
543 86.0383 826.703 
544 446.312 816.72 
545 241.05 393.632 
546 669.872 588.678 
547 579.526 225.204 
548 369.231 703.436 
549 876.375 393.637 
550 566.017 255.703 
551 45.9517 670.516 
552 304.245 652.248 
553 533.477 754.739 
554 535.531 141.271 
555 311.572 786.122 
556 240.868 293.917 
557 851.662 146.993 
558 822.265 156.868 
559 745.058 956.55 
560 845.969 598.094 
561 935.217 555.603 
562 325.537 92.2483 
563 816.319 710.348 
564 551.034 370.485 
565 208.009 912.307 
566 105.271 20.6425 
567 651.996 627.85 
568 246.754 982.444 
569 436.663 243.526 
570 102.669 657.456 
571 138.434 905.3 
572 133.546 591.492 
573 872.877 263.542 
574 429.285 858.209 
575 978.135 68.4242 
576 344.985 631.409 
577 563.132 484.145 
578 309.278 59.7077 
579 518.411 817.559 
580 928.388 528.437 
581 439.625 994.673 
582 971.853 772.409 
583 549.53 552.254 
584 474.327 960.952 
585 761.809 356.313 
586 711.796 741.786 
587 63.4847 42.502 
588 747.894 472.709 
589 212.605 191.923 
590 926.007 447.778 
591 290.766 542.303 
592 328.029 559.337 
593 329.847 806.877 
594 292.618 267.186 
595 595.28 711.383 
596 875.668 323.57 
597 389.277 579.638 
598 885.774 39.5632 
599 989.009 431.578 
600 608.274 64.6796 
601 754.204 410.593 
602 74.8246 646.056 
603 699.479 914.292 
604 767.115 918.958 
605 916.546 503.427 
606 570.62 635.218 
607 808.487 244.743 
608 674.144 430.92 
609 295.657 601.678 
610 855.36 113.869 
611 57.4087 466.855 
612 702.429 678.252 
613 354.191 512.587 
614 205.853 729.023 
615 383.906 667.587 
616 684.358 242.544 
617 363.248 70.375 
618 102.63 486.901 
619 832.939 889.512 
620 667.633 839.282 
621 293.689 964.032 
622 766.652 736.64 
623 56.3049 960.879 
624 452.667 122.278 
625 696.039 345.911 
626 213.131 900.484 
627 65.8532 934.85 
628 31.4298 249.84 
629 661.916 330.677 
630 449.885 68.2973 
631 186.968 431.216 
632 661.384 995.431 
633 981.425 398.357 
634 396.107 848.572 
635 665.807 761.428 
636 375.333 599.529 
637 912.262 555.895 
638 156.616 805.859 
639 543.341 984.488 
640 755.016 646.527 
641 48.8747 352.465 
642 853.72 196.5 
643 960.562 333.203 
644 792.022 854.311 
645 988.359 564.92 
646 676.006 246.582 
647 395.471 788.339 
648 770.815 433.78 
649 338.393 368.251 
650 259.078 72.7768 
651 69.6377 52.1216 
652 772.006 981.51 
653 336.012 404.179 
654 812.309 582.527 
655 36.138 508.48 
656 66.4048 883.379 
657 835.788 725.939 
658 740.974 836.096 
659 470.038 320.399 
660 287.392 256.177 
661 606.48 778.905 
662 242.134 362.72 
663 289.412 608.051 
664 920.739 953.679 
665 745.349 597.822 
666 398.817 668.48 
667 717.216 541.496 
668 483.816 403.18 
669 653.951 373.005 
670 674.634 330.475 
671 673.079 648.3 
672 516.977 619.84 
673 342.94 165.421 
674 361.117 863.372 
675 58.1926 954.324 
676 520.883 253.898 
677 539.666 942.136 
678 718.327 757.141 
679 499.702 796.421 
680 204.284 976.82 
681 928.429 505.845 
682 875.072 44.8021 
683 216.357 266.969 
684 663.918 660.442 
685 165.176 739.991 
686 24.8122 742.197 
687 538.805 303.274 
688 572.034 712.013 
689 747.033 647.263 
690 333.515 70.1515 
691 409.167 446.11 
692 94.1228 29.9225 
693 610.812 525.644 
694 802.566 606.987 
695 796.574 580.244 
696 488.378 742.912 
697 316.387 461.032 
698 415.538 976.108 
699 794.5 703.45 
700 164.092 885.592 
701 683.929 607.962 
702 464.36 356.576 
703 653.134 326.862 
704 738.009 703.306 
705 41.2037 666.604 
706 74.9467 450.241 
707 835.715 715.299 
708 488.695 245.133 
709 710.442 498.099 
710 653.159 658.447 
711 499.794 970.457 
712 379.488 134.273 
713 875.076 301.561 
714 510.791 285.701 
715 109.49 404.587 
716 757.156 23.2016 
717 101.179 809.725 
718 980.915 198.664 
719 650.722 867.456 
720 615.915 513.162 
721 161.972 820.519 
722 37.9579 544.621 
723 568.371 420.026 
724 885.549 339.541 
725 96.1588 453.668 
726 324.795 963.302 
727 264.028 543.385 
728 709.729 590.557 
729 805.029 591.593 
730 34.2114 673.495 
731 425.048 5.61395 
732 447.755 868.615 
733 575.787 494.109 
734 247.487 204.252 
735 185.125 151.573 
736 96.7485 454.121 
737 389.572 49.2827 
738 403.425 545.603 
739 491.657 837.388 
740 412.226 437.816 
741 600.77 545.961 
742 655.057 969.319 
743 551.008 853.757 
744 875.72 146.658 
745 625.721 350.102 
746 474.244 619.179 
747 792.121 766.866 
748 559.919 572.774 
749 558.325 630.653 
750 22.639 843.152 
751 860.407 185.568 
752 930.724 130.042 
753 860.521 741.942 
754 436.11 440.896 
755 292.209 249.101 
756 149.182 79.8782 
757 40.1195 606.697 
758 63.5007 683.736 
759 381.101 294.107 
760 244.287 841.8 
761 25.4435 65.1499 
762 295.292 936.833 
763 662.23 429.732 
764 687.708 147.299 
765 949.172 687.952 
766 412.905 389.911 
767 854.998 706.676 
768 843.798 975.655 
769 955.546 701.386 
770 973.91 23.8434 
771 262.77 630.653 
772 183.928 552.31 
773 701.836 592.021 
774 474.853 466.241 
775 205.733 512.352 
776 134.306 306.467 
777 343.277 79.7502 
778 262.82 384.647 
779 977.428 943.176 
780 869.098 354.322 
781 722.903 367.506 
782 216.697 406.513 
783 510.57 594.595 
784 571.709 401.934 
785 561.414 818.567 
786 474.927 733.532 
787 477.135 584.434 
788 31.7271 534.314 
789 501.274 826.786 
790 948.838 621.82 
791 914.123 504.925 
792 265.949 444.538 
793 968.957 854.108 
794 237.443 965.193 
795 853.071 145.24 
796 596.424 419.946 
797 207.334 865.851 
798 905.301 308.581 
799 912.783 398.904 
800 490.769 233.433 
801 226.111 157.574 
802 337.012 236.631 
803 639.582 624.806 
804 839.672 745.344 
805 156.247 939.127 
806 213.189 295.218 
807 822.374 518.85 
808 547.044 295.585 
809 452.365 614.097 
810 757.33 205.265 
811 274.547 667.071 
812 398.02 546.81 
813 292.662 122.558 
814 146.613 207.912 
815 459.547 103.416 
816 955.986 875.871 
817 127.049 231.721 
818 257.459 370.501 
819 133.882 620.531 
820 553.64 145.486 
821 844.088 682.557 
822 36.8681 17.81 
823 404.154 15.9085 
824 570.309 727.478 
825 28.5964 180.747 
826 846.027 403.365 
827 890.762 107.608 
828 671.731 279.206 
829 291.681 272.819 
830 459.844 566.282 
831 957.353 614.239 
832 380.489 8.75284 
833 779.319 791.754 
834 519.476 352.093 
835 807.47 869.111 
836 247.638 123.921 
837 875.704 577.33 
838 536.351 51.0267 
839 405.774 41.2783 
840 511.387 285.769 
841 928.151 482.287 
842 936.807 933.655 
843 256.146 244.36 
844 629.166 538.254 
845 965.415 803.537 
846 449.123 885.692 
847 425.529 897.019 
848 390.141 129.051 
849 626.905 807.137 
850 871.939 64.2253 
851 874.772 248.962 
852 642.379 163.263 
853 312.805 462.303 
854 696.241 381.708 
855 998.998 821.166 
856 948.614 844.083 
857 682.928 399.641 
858 977.672 460.396 
859 640.778 564.374 
860 898.043 493.383 
861 951.032 536.458 
862 940.22 199.184 
863 247.012 706.759 
864 696.087 146.708 
865 665.265 145.693 
866 983.343 14.1059 
867 614.927 358.963 
868 362.711 414.633 
869 435.145 764.466 
870 655.152 392.292 
871 76.8852 777.791 
872 402.827 225.17 
873 88.4162 262.482 
874 940.628 239.555 
875 248.15 672.798 
876 927.7 605.134 
877 739.233 832.791 
878 190.288 464.024 
879 819.863 687.127 
880 693.357 120.625 
881 550.609 943.629 
882 439.09 323.094 
883 233.875 227.098 
884 233.93 32.8131 
885 148.181 430.45 
886 44.3964 213.834 
887 415.893 197.509 
888 888.112 465.68 
889 279.221 302.112 
890 778.361 767.447 
891 438.679 172.551 
892 312.286 802.363 
893 340.577 389.001 
894 8.34455 770.03 
895 889.829 847.238 
896 810.666 436.536 
897 562.539 547.386 
898 320.535 717.648 
899 521.187 625.156 
900 439.699 169.419 
901 523.676 632.165 
902 674.073 970.821 
903 523.568 177.92 
904 933.826 974.646 
905 555.032 733.668 
906 656.606 454.952 
907 58.2945 136.461 
908 69.8225 807.601 
909 614.246 392.954 
910 347.688 211.295 
911 294.888 840.955 
912 803.876 105.609 
913 1.86779 761.5 
914 630.466 89.8159 
915 786.224 188.104 
916 520.915 200.692 
917 84.398 838.663 
918 503.82 540.359 
919 126.719 235.051 
920 151.932 163.262 
921 877.095 321.261 
922 432.851 797.11 
923 48.4302 449.886 
924 971.911 980.104 
925 693.814 374.193 
926 386.774 961.107 
927 399.314 221.031 
928 159.395 108.035 
929 227.521 919.847 
930 864.516 7.87878 
931 495.215 408.302 
932 490.815 840.769 
933 204.993 792.788 
934 962.397 999.971 
935 381.805 380.407 
936 613.073 636.253 
937 381.925 103.018 
938 598.398 542.281 
939 0.204679 266.461 
940 43.7742 704.686 
941 819.54 314.316 
942 537.015 390.622 
943 689.703 849.213 
944 604.306 488.331 
945 228.562 287.407 
946 320.928 930.695 
947 704.659 351.255 
948 98.8597 749.717 
949 455.702 810.401 
950 108.189 524.031 
951 413.572 287.803 
952 139.063 470.024 
953 156.321 305.53 
954 664.101 138.413 
955 609.045 733.384 
956 300.547 765.009 
957 76.5066 60.4281 
958 823.831 12.3607 
959 56.0245 960.373 
960 20.5943 197.422 
961 584.653 931.221 
962 321.758 199.664 
963 974.269 643.477 
964 700.312 552.317 
965 353.344 240.131 
966 849.014 488.647 
967 71.7375 146.912 
968 505.686 545.295 
969 893.99 221.601 
970 573.925 372.511 
971 309.375 716.491 
972 234.492 96.4982 
973 173.985 57.0938 
974 418.228 320.573 
975 88.8028 378.513 
976 26.4989 163.966 
977 757.037 885.185 
978 307.17 156.257 
979 123.334 730.808 
980 261.435 601.94 
981 442.344 83.4867 
982 539.168 458.427 
983 920.93 467.689 
984 175.145 634.42 
985 284.505 459.671 
986 174.431 854.579 
987 410.429 217.209 
988 589.895 636.379 
989 46.7691 414.414 
990 81.0014 485.805 
991 122.797 458.473 
992 311.524 66.9415 
993 549.46 203.995 
994 19.7364 213.414 
995 303.356 274.644 
996 763.964 129.773 
997 585.35 906.552 
998 191.581 308.118 
999 156.693 9.07741 

939
192
51
286
428
68
731
930
934
866
391
2
855
