0 674.685 121.89 
1 262.612 60.6619 
2 574.069 314.087 
3 617.947 421.766 
4 258.791 157.162 
5 30.8615 487.084 
6 9.39314 582.091 
7 985.206 801.474 
8 998.605 367.4 
9 409.721 236.076 
10 41.2792 703.02 
11 968.585 795.343 
12 515.645 734.222 
13 816.72 823.671 
14 500.805 782.71 
15 320.689 912.833 
16 96.671 517.105 
17 951.763 208.36 
18 891.138 293.769 
19 447.622 692.305 
20 558.745 159.146 
21 484.316 280.849 
22 935.737 717.292 
23 868.326 807.49 
24 571.218 36.1211 
25 522.598 474.859 
26 219.108 333.613 
27 258.114 875.535 
28 195.73 735.186 
29 259.145 13.2026 
30 916.401 728.129 
31 936.69 372.92 
32 577.464 272.338 
33 310.379 787.898 
34 286.833 934.157 
35 715.965 491.476 
36 334.805 429.951 
37 537.627 451.724 
38 800.881 565.489 
39 50.2709 788.916 
40 857.928 660.866 
41 782.98 175.215 
42 182.161 125.189 
43 949.456 739.871 
44 441.474 554.937 
45 390.382 89.3872 
46 560.32 53.4417 
47 514.653 907.036 
48 284.964 734.439 
49 791.608 964.894 
50 34.0245 968.68 
51 569.398 401.795 
52 269.996 399.187 
53 575.626 900.401 
54 990.208 278.473 
55 653.568 363.826 
56 880.286 733.157 
57 582.078 584.149 
58 288.839 967.375 
59 884.058 910.288 
60 38.9146 329.622 
61 305.124 555.64 
62 164.92 464.642 
63 707.597 841.954 
64 837.048 980.74 
65 38.9927 992.861 
66 535.246 666.275 
67 829.862 418.307 
68 929.332 55.8249 
69 166.062 310.257 
70 874.987 53.569 
71 408.355 294.741 
72 167.113 434.869 
73 334.143 174.422 
74 713.506 649.501 
75 275.651 497.52 
76 296.091 469.697 
77 230.292 291.945 
78 135.918 946.723 
79 166.976 383.005 
80 531.428 24.9195 
81 338.962 848.116 
82 470.964 55.8704 
83 757.311 721.379 
84 252.471 344.107 
85 239.163 751.38 
86 722.095 605.011 
87 117.119 849.96 
88 367.111 371.608 
89 496.582 520.721 
90 222.809 193.056 
91 813.272 657.27 
92 284.62 658.463 
93 117.299 401.525 
94 35.4965 879.051 
95 537.003 223.195 
96 144.889 804.255 
97 984.841 867.334 
98 238.375 311.951 
99 574.725 4.17578 
100 398.462 230.747 
101 17.4957 131.835 
102 400.259 854.533 
103 480.376 142.949 
104 562.439 574.539 
105 107.051 869.404 
106 320.11 5.46951 
107 181.721 689.388 
108 190.712 249.158 
109 573.018 833.511 
110 996.499 324.955 
111 828.634 617.399 
112 20.0572 59.9423 
113 570.821 638.515 
114 817.32 418.945 
115 646.898 107.015 
116 895.604 610.448 
117 944.312 320.282 
118 502.319 934.546 
119 359.405 220.364 
120 4.14275 716.195 
121 847.398 403.297 
122 94.5557 257.752 
123 756.781 657.123 
124 716.528 410.898 
125 720.893 779.599 
126 278.856 748.966 
127 842.466 155.265 
128 788.015 789.452 
129 819.926 431.105 
130 122.844 523.162 
131 897.957 405.189 
132 73.0467 342.504 
133 97.41 533.079 
134 733.311 30.455 
135 77.8955 718.818 
136 570.549 704.716 
137 474.32 65.4024 
138 794.919 89.7053 
139 386.053 639.325 
140 238.508 557.556 
141 676.762 931.884 
142 277.583 173.983 
143 103.849 320.589 
144 729.783 370.493 
145 243.619 561.234 
146 593.985 966.638 
147 382.062 309.934 
148 436.754 673.656 
149 375.945 456.258 
150 483.083 226.523 
151 211.654 346.437 
152 247.522 184.725 
153 867.01 68.2 
154 933.181 564.753 
155 927.189 664.957 
156 727.441 17.2894 
157 354.208 151.499 
158 294.007 440.5 
159 468.268 798.517 
160 995.916 549.75 
161 157.213 293.979 
162 372.064 855.078 
163 902.04 951.873 
164 564.302 597.994 
165 799.138 445.129 
166 43.6923 986.706 
167 10.2997 229.474 
168 945.379 771.622 
169 219.87 332.631 
170 105.124 422.931 
171 847.041 997.054 
172 392.603 454.454 
173 778.996 662.579 
174 432.292 814.279 
175 15.421 336.366 
176 353.09 107.94 
177 460.527 832.907 
178 268.077 240.124 
179 367.663 280.232 
180 852.372 128.185 
181 146.082 151.667 
182 423.694 304.763 
183 112.631 603.306 
184 733.595 474.52 
185 181.886 561.706 
186 967.237 604.882 
187 210.092 7.03651 
188 581.54 410.684 
189 689.599 348.837 
190 376.092 289.436 
191 33.9651 518.676 
192 12.5335 451.676 
193 939.215 69.8704 
194 334.844 50.9139 
195 990.754 894.971 
196 425.847 541.894 
197 967.572 350.918 
198 646.965 971.65 
199 437.006 412.241 
200 605.616 281.476 
201 21.3738 466 
202 701.05 371.72 
203 980.281 480.815 
204 232.216 751.952 
205 236.863 874.076 
206 114.734 245.214 
207 923.991 905.962 
208 931.038 243.181 
209 699.439 430.2 
210 834.65 907.879 
211 860.478 707.662 
212 586.327 608.769 
213 95.7618 119.982 
214 414.086 791.991 
215 343.254 509.515 
216 592.37 473.037 
217 812.586 368.634 
218 803.243 91.4847 
219 24.5468 615.949 
220 850.407 670.699 
221 197.834 138.924 
222 251.494 830.199 
223 676.406 333.661 
224 122.359 991.907 
225 189.456 605.759 
226 492.573 680.077 
227 322.929 759.58 
228 791.625 172.185 
229 307.176 163.251 
230 966.398 746.938 
231 916.357 54.2817 
232 706.613 207.479 
233 582.318 661.285 
234 368.718 892.227 
235 418.259 624.572 
236 4.71447 540.777 
237 529.2 278.432 
238 875.577 608.312 
239 41.236 459.952 
240 202.484 280.92 
241 817.315 214.119 
242 281.813 592.989 
243 23.4669 120.523 
244 18.5775 768.412 
245 147.828 753.584 
246 353.074 137.773 
247 776.611 872.333 
248 907.543 834.385 
249 840.437 398.625 
250 830.197 683.488 
251 219.708 106.319 
252 136.118 863.781 
253 855.354 410.24 
254 272.981 817.876 
255 635.38 520.291 
256 823.195 606.017 
257 813.941 822.55 
258 937.574 323.162 
259 612.172 189.003 
260 821.963 466.764 
261 736.84 102.403 
262 306.231 594.763 
263 866.914 245.818 
264 964.366 268.444 
265 983.209 913.897 
266 694.397 736.132 
267 705.681 908.914 
268 601.161 153.446 
269 237.076 866.236 
270 43.2148 588.352 
271 159.855 227.061 
272 79.8673 63.1826 
273 1.65935 53.0248 
274 831.547 374.894 
275 789.017 515.112 
276 232.769 617.661 
277 260.895 950.581 
278 543.1 663.518 
279 236.393 667.994 
280 923.254 59.5019 
281 644.809 246.04 
282 966.061 984.44 
283 945.616 82.3569 
284 589.755 417.205 
285 487.208 991.655 
286 124.178 842.985 
287 268.242 985.09 
288 796.436 698.654 
289 17.5715 279.251 
290 999.743 413.687 
291 17.9134 350.672 
292 187.099 732.878 
293 407.025 856.213 
294 44.69 542.241 
295 458.816 589.768 
296 721.667 957.481 
297 627.121 28.2622 
298 38.0436 574.042 
299 398.193 350.271 
300 872.879 413.045 
301 669.205 558.778 
302 586.919 319.621 
303 981.247 682.118 
304 43.9906 617.882 
305 85.7071 746.051 
306 120.205 494.896 
307 701.846 314.224 
308 785.07 378.748 
309 39.6972 391.379 
310 431.472 357.978 
311 533.37 143.456 
312 842.819 1.11826 
313 649.886 390.394 
314 699.765 549.019 
315 463.514 283.793 
316 206.263 667.647 
317 62.9472 913.045 
318 577.723 295.647 
319 944.388 209.174 
320 639.221 964.273 
321 816.29 120.651 
322 620.754 173.663 
323 137.697 705.542 
324 287.343 696.314 
325 659.005 246.454 
326 978.915 206.02 
327 988.285 236.141 
328 883.155 742.833 
329 54.4063 104.434 
330 892.518 199.747 
331 756.609 545.319 
332 120.865 155.923 
333 372.197 19.7604 
334 889.744 807.919 
335 605.704 574.599 
336 778.471 235.291 
337 76.7453 8.8949 
338 50.3902 310.514 
339 646.471 415.197 
340 916.298 911.009 
341 350.653 93.2929 
342 827.826 215.057 
343 814.34 808.843 
344 841.761 682.541 
345 15.0451 970.926 
346 874.713 156.162 
347 28.9154 57.7392 
348 675.333 988.316 
349 976.264 252.705 
350 906.271 342.557 
351 256.282 276.037 
352 600.364 762.149 
353 25.6478 515.635 
354 850.057 523.804 
355 45.4801 503.427 
356 493.421 948.456 
357 233.22 224.976 
358 378.048 544.883 
359 222.183 975.672 
360 84.8811 941.904 
361 358.021 732.68 
362 860.003 445.651 
363 375.687 136.197 
364 153.083 723.943 
365 72.5256 417.235 
366 606.76 887.39 
367 139.792 277.83 
368 693.604 464.003 
369 650.441 300.119 
370 757.666 276.71 
371 829.308 866.379 
372 196.283 993.844 
373 151.283 682.83 
374 208.671 941.296 
375 481.615 543.857 
376 839.942 551.988 
377 366.699 749.464 
378 795.134 161.706 
379 825.57 63.5181 
380 419.372 78.5109 
381 305.28 539.976 
382 685.536 71.9503 
383 674.885 382.454 
384 452.404 837.11 
385 394.378 719.441 
386 465.533 750.676 
387 808.112 776.744 
388 664.707 929.527 
389 488.222 859.085 
390 223.726 507.215 
391 996.116 95.4575 
392 423.949 92.601 
393 401.22 86.2401 
394 797.856 102.518 
395 66.1938 945.174 
396 581.614 222.246 
397 389.808 851.214 
398 934.273 407.715 
399 559.818 154.93 
400 804.562 261.735 
401 456.546 738.57 
402 789.06 213.759 
403 870.722 619.924 
404 48.341 771.774 
405 591.03 236.828 
406 532.857 228.21 
407 885.386 730.731 
408 537.656 694 
409 346.172 334.037 
410 985.269 545.782 
411 520.223 668.311 
412 680.093 619.483 
413 132.734 605.255 
414 159.91 33.2386 
415 189.078 250.348 
416 838.802 123.565 
417 807.25 797.819 
418 242.659 77.6867 
419 228.423 121.322 
420 202.764 92.9709 
421 399.172 3.48608 
422 65.7219 696.916 
423 642.932 438.26 
424 242.205 282.438 
425 352.676 389.527 
426 579.435 965.323 
427 148.887 439.174 
428 250.741 773.931 
429 677.822 571.305 
430 974.619 633.769 
431 907.93 974.798 
432 476.755 747.431 
433 179.758 837.85 
434 84.6108 330.956 
435 160.191 17.338 
436 680.062 700.702 
437 452.252 260.981 
438 261.486 104.728 
439 818.861 455.761 
440 981.104 15.9959 
441 188.914 913.309 
442 854.17 528.106 
443 404.557 462.65 
444 635.078 472.911 
445 874.122 897.682 
446 136.794 204.101 
447 48.281 351.258 
448 68.908 420.12 
449 250.205 326.43 
450 98.0166 872.55 
451 359.414 139.882 
452 481.607 965.508 
453 117.754 386.73 
454 93.4549 963.378 
455 593.261 678.85 
456 107.561 695.65 
457 820.395 853.745 
458 427.75 470.476 
459 761.418 135.385 
460 781.732 535.511 
461 502.946 615.555 
462 343.043 672.532 
463 735.305 255.483 
464 938.999 161.692 
465 751.459 573.552 
466 554.534 424.413 
467 635.005 778.369 
468 126.386 545.355 
469 209.087 150.92 
470 773.484 126.115 
471 166.705 340.047 
472 50.9243 243.584 
473 632.72 124.089 
474 348.24 272.386 
475 395.805 951.878 
476 949.39 937.332 
477 106.135 825.814 
478 468.152 960.622 
479 763.532 393.955 
480 211.556 195.747 
481 713.453 36.7165 
482 256.276 170.98 
483 240.247 308.922 
484 379.82 1.96579 
485 69.479 238.185 
486 51.4506 327.931 
487 162.441 83.5158 
488 265.147 926.367 
489 396.303 390.452 
490 837.063 711.966 
491 831.219 101.137 
492 966.78 47.102 
493 831.351 620.443 
494 671.259 337.745 
495 919.055 821.424 
496 878.339 689.456 
497 815.72 514.451 
498 98.5871 627.277 
499 696.6 749.57 
500 188.585 927.207 
501 440.318 26.8978 
502 987.109 698.026 
503 891.654 657.764 
504 718.578 79.4113 
505 539.161 237.018 
506 661.95 255.385 
507 387.575 851.681 
508 735.568 897.972 
509 836.857 294.781 
510 859.514 218.444 
511 882.957 2.07842 
512 122.302 825.422 
513 394.04 6.45952 
514 407.792 960.331 
515 668.622 18.2134 
516 131.558 113.169 
517 609.955 336.421 
518 296.392 366.513 
519 229.08 375.677 
520 542.382 342.102 
521 927.843 879.71 
522 97.3055 310.972 
523 741.883 131.088 
524 553.298 854.531 
525 109.309 581.296 
526 801.375 52.8143 
527 471.631 281.065 
528 561.749 679.158 
529 431.627 507.216 
530 253.771 435.85 
531 374.773 547.568 
532 303.59 125.709 
533 378.926 855.358 
534 272.903 437.85 
535 843.038 727.32 
536 786.626 74.9476 
537 702.496 252.368 
538 469.442 501.715 
539 801.695 539.052 
540 812.698 136.102 
541 659.218 987.968 
542 453.225 116.307 
543 289.767 580.317 
544 773.559 792.369 
545 757.888 344.582 
546 318.112 817.843 
547 611.323 795.501 
548 581.461 494.052 
549 366.655 158.457 
550 94.0897 612.704 
551 651.43 538.888 
552 471.197 349.319 
553 686.599 994.043 
554 360.877 462.379 
555 234.527 411.599 
556 775.512 267.218 
557 838.783 485.117 
558 896.343 695.445 
559 135.71 353.562 
560 945.537 970.341 
561 110.397 149.841 
562 579.69 575.174 
563 711.407 16.5527 
564 96.458 729.601 
565 978.916 522.875 
566 451.368 250.199 
567 295.337 510.921 
568 656.581 739.211 
569 236.855 676.373 
570 343.694 810.414 
571 113.121 881.078 
572 731.95 446.006 
573 318.967 694.469 
574 687.198 581.868 
575 659.45 940.704 
576 602.241 576.41 
577 332.079 525.575 
578 219.89 514.777 
579 245.967 917.99 
580 853.502 765.203 
581 349.352 463.865 
582 537.765 639.217 
583 274.63 835.893 
584 146.588 319.217 
585 276.632 885.632 
586 269.406 871.435 
587 819.111 947.841 
588 300.005 12.4191 
589 662.996 336.147 
590 472.481 190.098 
591 26.4504 951.739 
592 189.209 689.263 
593 727.64 804.197 
594 680.101 957.067 
595 57.0822 688.446 
596 327.311 464.314 
597 889.432 791.491 
598 219.453 805.107 
599 136.126 167.081 
600 250.806 36.119 
601 389.085 454.311 
602 611.943 275.156 
603 217.783 301.845 
604 680.252 552.029 
605 449.728 17.9109 
606 142.657 485.962 
607 881.259 828.251 
608 186.673 136.684 
609 727.314 762.18 
610 822.759 297.578 
611 408.229 681.599 
612 379.971 477.926 
613 59.5965 562.1 
614 705.626 876.252 
615 525.166 722.355 
616 434.977 937.83 
617 512.724 827.397 
618 67.8702 366.536 
619 405.38 843.86 
620 255.758 554.894 
621 79.5343 538.605 
622 453.858 202.762 
623 522.944 306.877 
624 115.678 530.094 
625 896.382 80.1453 
626 818.063 57.3358 
627 712.45 60.5799 
628 887.886 407.4 
629 931.94 733.591 
630 409.917 347.021 
631 733.701 212.227 
632 858.909 700.685 
633 414.099 638.871 
634 146.805 104.4 
635 171.443 197.612 
636 859.783 825.356 
637 715.022 297.298 
638 114.132 847.853 
639 763.879 546.655 
640 32.702 881.313 
641 598.577 796.52 
642 28.212 80.1948 
643 937.853 42.8064 
644 171.198 712.024 
645 299.033 910.318 
646 700.752 15.0917 
647 281.613 598.531 
648 733.62 614.968 
649 343.271 756.98 
650 226.108 545.306 
651 357.336 559.473 
652 679.309 681.747 
653 195.902 152.873 
654 677.711 857.807 
655 115.966 741.978 
656 668.099 37.8548 
657 368.31 577.821 
658 360.338 951.332 
659 475.253 511.074 
660 306.714 421.321 
661 380.866 165.065 
662 270.393 645.438 
663 553.147 25.2724 
664 614.707 935.599 
665 572.874 142.794 
666 533.728 950.481 
667 284.458 994.822 
668 372.035 960.293 
669 131.814 467.599 
670 453.446 995.565 
671 794.975 755.654 
672 196.154 457.407 
673 625.079 211.128 
674 555.05 566.927 
675 851.319 917.31 
676 397.521 816.531 
677 789.656 142.776 
678 636.428 839.932 
679 802.509 91.7163 
680 91.1741 616.565 
681 19.6564 32.1306 
682 710.106 607.239 
683 703.463 149.673 
684 954.194 375.456 
685 837.561 167.498 
686 374.202 694.358 
687 193.071 534.182 
688 38.3447 935.564 
689 41.5995 631.922 
690 907.075 376.919 
691 94.764 171.411 
692 30.8047 736.469 
693 836.173 921.888 
694 144.969 344.079 
695 144.14 458.949 
696 54.5036 643.897 
697 686.658 746.248 
698 402.796 152.783 
699 493.278 849.752 
700 466.42 954.984 
701 814.49 993.925 
702 683.594 135.122 
703 812.475 291.292 
704 10.1775 434.882 
705 998.328 473.027 
706 303.248 190.485 
707 883.896 190.307 
708 669.143 645.316 
709 821.505 904.653 
710 198.555 852.029 
711 459.432 366.629 
712 672.586 982.857 
713 705.257 303.021 
714 346.937 403.147 
715 356.718 63.5214 
716 840.328 255.587 
717 286.589 344.358 
718 632.344 53.524 
719 605.283 934.132 
720 147.002 199.329 
721 780.138 882.665 
722 887.95 526.87 
723 364.106 671.569 
724 399.228 564.51 
725 785.717 244.204 
726 214.963 725.498 
727 209.641 827.738 
728 190.427 208.649 
729 623.97 189.864 
730 748.088 378.127 
731 183.942 761.289 
732 391.409 372.614 
733 8.25678 188.219 
734 70.7118 350.128 
735 610.579 401.43 
736 30.591 357.948 
737 21.3441 14.4467 
738 611.491 309.337 
739 303.68 849.007 
740 358.259 151.001 
741 288.218 834.475 
742 784.339 239.362 
743 273.996 339.265 
744 314.936 87.4853 
745 922.967 761.253 
746 115.745 107.074 
747 714.249 369.873 
748 871.03 432.628 
749 598.166 560.609 
750 202.977 461.764 
751 45.9155 534.218 
752 261.885 592.712 
753 603.151 320.116 
754 743.705 126.181 
755 49.8193 102.02 
756 638.862 534.691 
757 977.395 518.588 
758 972.518 847.525 
759 875.708 102.187 
760 619.839 219.091 
761 799.934 466.141 
762 208.147 18.8779 
763 489.533 1.5238 
764 553.032 69.3714 
765 564.302 166.946 
766 936.935 963.132 
767 733.949 796.594 
768 124.462 106.943 
769 756.472 281.689 
770 848.994 62.277 
771 949.504 424.438 
772 655.606 771.774 
773 591.601 275.013 
774 201.944 876.399 
775 803.065 938.84 
776 171.757 4.6023 
777 48.0558 353.893 
778 865.279 951.492 
779 25.5377 54.331 
780 931.368 263.609 
781 963.247 827.872 
782 961.102 56.9218 
783 895.346 99.0666 
784 288.376 450.224 
785 55.3015 496.877 
786 858.346 381.521 
787 874.861 779.207 
788 849.701 910.523 
789 277.889 8.47824 
790 80.9691 763.364 
791 194.186 599.775 
792 267.438 822.179 
793 951.896 523.306 
794 532.176 740.45 
795 835.699 561.607 
796 474.751 175.087 
797 183.452 854.42 
798 384.418 403.052 
799 163.699 846.958 
800 183.617 946.013 
801 305.835 559.37 
802 15.2939 613.517 
803 909.854 187.174 
804 818.349 856.51 
805 142.116 616.593 
806 812.464 594.417 
807 814.251 220.217 
808 607.773 142.963 
809 761.906 525.045 
810 977.256 487.899 
811 705.252 272.024 
812 815.008 178.771 
813 493.598 647.057 
814 259.709 10.7453 
815 804.309 822.263 
816 909.886 664.414 
817 336.658 228.865 
818 112.017 215.701 
819 938.635 749.137 
820 718.503 943.495 
821 94.8947 67.1757 
822 760.733 46.2847 
823 170.402 702.588 
824 48.439 426.771 
825 866.972 148.115 
826 519.225 838.601 
827 458.633 115.084 
828 92.972 837.484 
829 191.722 622.367 
830 313.913 875.637 
831 804.582 542.051 
832 111.481 23.5857 
833 551.067 943.051 
834 900.264 84.2852 
835 282.759 275.691 
836 280.966 44.4608 
837 997.149 662.298 
838 256.188 445.923 
839 678.474 244.738 
840 194.799 254.8 
841 123.341 723.238 
842 364.27 11.9669 
843 52.7143 330.597 
844 516.015 307.88 
845 976.238 744.016 
846 838.22 787.64 
847 814.837 533.591 
848 252.962 790.248 
849 236.7 646.255 
850 424.394 230.22 
851 754.438 250.106 
852 32.3163 65.2215 
853 331.532 743.908 
854 578.43 357.459 
855 162.235 56.106 
856 95.684 359.675 
857 341.507 315.828 
858 639.493 599.749 
859 330.971 395.056 
860 587.784 380.942 
861 271.522 213.611 
862 890.489 384.882 
863 436.732 496.021 
864 264.671 270.332 
865 138.835 773.432 
866 493.115 719.004 
867 290.904 472.86 
868 483.058 159.231 
869 338.69 146.362 
870 451.639 468.336 
871 750.378 464.054 
872 799.9 151.093 
873 153.04 593.269 
874 249.125 392.278 
875 564.981 334.233 
876 988.736 643.837 
877 674.859 649.077 
878 65.7767 377.489 
879 920.647 870.839 
880 38.9443 942.923 
881 565.213 445.964 
882 580.838 786.703 
883 171.588 445.289 
884 654.935 297.796 
885 3.16317 77.6833 
886 110.9 193.049 
887 981.332 791.763 
888 965.217 693.955 
889 550.097 457.234 
890 841.205 912.381 
891 305.656 76.6994 
892 161.31 73.9033 
893 871.798 134.602 
894 369.639 105.827 
895 67.088 240.372 
896 468.246 538.656 
897 304.289 410.582 
898 849.829 757.122 
899 836.437 838.689 
900 508.437 589.199 
901 314.126 149.835 
902 596.365 671.57 
903 205.814 139.347 
904 330.246 450.066 
905 249.103 513.562 
906 550.301 775.823 
907 523.901 709.249 
908 603.061 536.802 
909 164.444 416.885 
910 625.965 448.945 
911 834.088 502.942 
912 456.61 323.175 
913 963.895 78.4119 
914 421.21 607.93 
915 21.7641 91.023 
916 750.978 587.121 
917 463.064 789.718 
918 911.486 648.925 
919 60.6281 420.877 
920 262.121 861.963 
921 773.369 836.105 
922 975.738 752.888 
923 947.404 473.501 
924 173.823 773.213 
925 565.415 182.73 
926 88.4289 249.289 
927 659.95 86.2173 
928 316.02 253.271 
929 884.023 905.907 
930 573.495 24.1531 
931 270.286 201.952 
932 739.668 89.1808 
933 695.041 649.462 
934 524.441 417.879 
935 826.429 975.238 
936 903.245 264.288 
937 323.967 596.538 
938 701.775 738.093 
939 233.854 740.957 
940 857.368 526.827 
941 784.519 595.306 
942 496.595 490.386 
943 495.952 880.641 
944 458.167 922.366 
945 993.456 67.3782 
946 894.884 440.609 
947 193.858 161.73 
948 315.058 247.456 
949 449.345 363.894 
950 129.349 954.103 
951 788.458 603.724 
952 770.41 894.365 
953 664.645 252.209 
954 984.333 974.379 
955 988.443 207.357 
956 128.582 837.803 
957 435.529 101.403 
958 927.195 683.528 
959 707.838 740.119 
960 514.139 987.792 
961 218.557 689.826 
962 764.713 982.99 
963 9.33811 687.579 
964 167.196 961.905 
965 143.453 951.54 
966 26.9475 636.906 
967 657.967 459.369 
968 279.703 465.609 
969 782.829 980.441 
970 377.932 824.095 
971 873.885 675.862 
972 182.448 663.085 
973 554.035 682.371 
974 453.434 704.165 
975 913.072 284.858 
976 53.7133 672.95 
977 105.519 358.137 
978 604.123 922.086 
979 76.5175 814.034 
980 654.297 226.877 
981 336.543 823.456 
982 803.099 619.349 
983 383.818 755.011 
984 558.938 45.1496 
985 869.089 897.25 
986 147.387 930.061 
987 577.384 785.72 
988 583.953 753.525 
989 642.12 921.663 
990 833.904 10.28 
991 206.424 569.611 
992 111.121 93.3272 
993 493.062 34.6101 
994 115.346 582.378 
995 692.642 818.97 
996 223.153 613.986 
997 355.988 272.782 
998 523.132 289.748 
999 506.318 539.63 

273
120
345
737
65
337
776
667
484
670
763
312
171
511
282
440
954
195
945
391
837
290
